Num samples: 95
Num observations: 4902
Total count: 341396
Table density (fraction of non-zero values): 0.095

Counts/sample summary:
 Min: 2485.0
 Max: 5033.0
 Median: 3515.000
 Mean: 3593.642
 Std. dev.: 550.737
 Sample Metadata Categories: None provided
 Observation Metadata Categories: taxonomy

Counts/sample detail:
 B.2011.06.S1.405532: 2485.0
 B.2005.03.S1.405591: 2602.0
 B.2009.09.S1.405547: 2699.0
 B.2009.08.S1.405578: 2766.0
 B.2019.06.S1.405608: 2862.0
 B.2005.08.S1.405559: 2890.0
 B.2009.10.S1.405585: 2942.0
 B.2009.07.S1.405524: 2950.0
 B.2019.09.S1.405605: 2958.0
 B.2019.10.S1.405561: 2971.0
 B.2012.07.S1.405580: 2977.0
 B.2012.04.S1.405562: 2985.0
 B.2005.10.S1.405573: 3036.0
 B.2012.06.S1.405601: 3041.0
 B.2005.02.S1.405604: 3047.0
 B.2004.08.S1.405610: 3075.0
 B.2009.04.S1.405531: 3079.0
 B.2004.05.S1.405536: 3098.0
 B.2004.02.S1.405533: 3109.0
 B.2004.07.S1.405529: 3133.0
 B.2019.08.S1.405613: 3143.0
 B.2020.10.S1.405617: 3168.0
 B.2005.01.S1.405588: 3178.0
 B.2004.01.S1.405609: 3179.0
 B.2012.01.S1.405593: 3213.0
 B.2011.07.S1.405534: 3232.0
 B.2005.07.S1.405586: 3243.0
 B.2009.02.S1.405570: 3245.0
 B.2020.07.S1.405566: 3249.0
 B.2008.09.S1.405553: 3266.0
 B.2009.03.S1.405564: 3270.0
 B.2005.09.S1.405592: 3275.0
 B.2005.04.S1.405545: 3308.0
 B.2009.05.S1.405596: 3334.0
 B.2008.07.S1.405599: 3352.0
 B.2004.06.S1.405567: 3353.0
 B.2009.06.S1.405554: 3356.0
 B.2012.10.S1.405569: 3359.0
 B.2004.04.S1.405549: 3362.0
 B.2011.10.S1.405602: 3383.0
 B.2019.07.S1.405558: 3386.0
 B.2012.02.S1.405552: 3388.0
 B.2011.04.S1.405598: 3410.0
 B.2012.09.S1.405527: 3429.0
 B.2019.05.S1.405612: 3454.0
 B.2011.08.S1.405530: 3480.0
 B.2012.05.S1.405616: 3481.0
 B.2019.03.S1.405560: 3515.0
 B.2012.08.S1.405556: 3516.0
 B.2011.05.S1.405539: 3518.0
 B.2008.08.S1.405550: 3531.0
 B.2008.03.S1.405528: 3546.0
 B.2008.10.S1.405544: 3580.0
 B.2011.03.S1.405538: 3582.0
 B.2011.09.S1.405577: 3600.0
 B.2008.06.S1.405543: 3604.0
 B.2005.06.S1.405537: 3613.0
 B.2005.05.S1.405611: 3622.0
 B.2020.06.S1.405557: 3622.0
 B.2009.01.S1.405540: 3650.0
 B.2020.09.S1.405594: 3694.0
 B.2012.03.S1.405546: 3704.0
 B.2006.07.S1.405582: 3718.0
 B.2020.04.S1.405587: 3734.0
 B.2020.08.S1.405603: 3740.0
 B.2008.05.S1.405541: 3779.0
 B.2004.03.S1.405563: 3851.0
 B.2011.01.S1.405525: 3862.0
 B.2019.04.S1.405614: 3884.0
 B.2016.03.S1.405618: 3905.0
 B.2006.06.S1.405542: 3935.0
 B.2020.03.S1.405571: 3962.0
 B.2020.05.S1.405574: 3979.0
 B.2019.02.S1.405607: 4010.0
 B.2019.01.S1.405535: 4046.0
 B.2008.01.S1.405595: 4050.0
 B.2011.02.S1.405575: 4062.0
 B.2006.08.S1.405615: 4080.0
 B.2006.02.S1.405606: 4192.0
 B.2006.05.S1.405597: 4194.0
 B.2020.01.S1.405576: 4195.0
 B.2006.09.S1.405526: 4302.0
 B.2016.02.S1.405600: 4387.0
 B.2016.01.S1.405584: 4389.0
 B.2016.05.S1.405583: 4394.0
 B.2020.02.S1.405548: 4430.0
 B.2008.04.S1.405565: 4466.0
 B.2006.03.S1.405589: 4491.0
 B.2016.04.S1.405579: 4513.0
 B.2016.06.S1.405581: 4654.0
 B.2008.02.S1.405555: 4672.0
 B.2016.08.S1.405590: 4724.0
 B.2016.07.S1.405551: 4767.0
 B.2006.04.S1.405572: 4898.0
 B.2006.01.S1.405568: 5033.0
