	B.2004.01.S1.405609	B.2004.02.S1.405533	B.2004.03.S1.405563	B.2004.04.S1.405549	B.2004.05.S1.405536	B.2004.06.S1.405567	B.2004.07.S1.405529	B.2004.08.S1.405610	B.2005.01.S1.405588	B.2005.02.S1.405604	B.2005.03.S1.405591	B.2005.04.S1.405545	B.2005.05.S1.405611	B.2005.06.S1.405537	B.2005.07.S1.405586	B.2005.08.S1.405559	B.2005.09.S1.405592	B.2005.10.S1.405573	B.2006.01.S1.405568	B.2006.02.S1.405606	B.2006.03.S1.405589	B.2006.04.S1.405572	B.2006.05.S1.405597	B.2006.06.S1.405542	B.2006.07.S1.405582	B.2006.08.S1.405615	B.2006.09.S1.405526	B.2008.01.S1.405595	B.2008.02.S1.405555	B.2008.03.S1.405528	B.2008.04.S1.405565	B.2008.05.S1.405541	B.2008.06.S1.405543	B.2008.07.S1.405599	B.2008.08.S1.405550	B.2008.09.S1.405553	B.2008.10.S1.405544	B.2009.01.S1.405540	B.2009.02.S1.405570	B.2009.03.S1.405564	B.2009.04.S1.405531	B.2009.05.S1.405596	B.2009.06.S1.405554	B.2009.07.S1.405524	B.2009.08.S1.405578	B.2009.09.S1.405547	B.2009.10.S1.405585	B.2011.01.S1.405525	B.2011.02.S1.405575	B.2011.03.S1.405538	B.2011.04.S1.405598	B.2011.05.S1.405539	B.2011.06.S1.405532	B.2011.07.S1.405534	B.2011.08.S1.405530	B.2011.09.S1.405577	B.2011.10.S1.405602	B.2012.01.S1.405593	B.2012.02.S1.405552	B.2012.03.S1.405546	B.2012.04.S1.405562	B.2012.05.S1.405616	B.2012.06.S1.405601	B.2012.07.S1.405580	B.2012.08.S1.405556	B.2012.09.S1.405527	B.2012.10.S1.405569	B.2016.01.S1.405584	B.2016.02.S1.405600	B.2016.03.S1.405618	B.2016.04.S1.405579	B.2016.05.S1.405583	B.2016.06.S1.405581	B.2016.07.S1.405551	B.2016.08.S1.405590	B.2019.01.S1.405535	B.2019.02.S1.405607	B.2019.03.S1.405560	B.2019.04.S1.405614	B.2019.05.S1.405612	B.2019.06.S1.405608	B.2019.07.S1.405558	B.2019.08.S1.405613	B.2019.09.S1.405605	B.2019.10.S1.405561	B.2020.01.S1.405576	B.2020.02.S1.405548	B.2020.03.S1.405571	B.2020.04.S1.405587	B.2020.05.S1.405574	B.2020.06.S1.405557	B.2020.07.S1.405566	B.2020.08.S1.405603	B.2020.09.S1.405594	B.2020.10.S1.405617
B.2004.01.S1.405609	0.0	0.520063718108	0.525945828391	0.499412537602	0.540593571029	0.5443768389	0.557263390854	0.558118177096	0.717715502389	0.724652852218	0.759073980862	0.712578248279	0.725289497637	0.715276902867	0.699619986919	0.7305692619	0.724226508177	0.722929852211	0.656303105	0.655438535182	0.643997684755	0.646414962412	0.646268194055	0.635714661909	0.6594520669	0.659122677187	0.66679224503	0.742577429802	0.714876654633	0.737817882174	0.74336930328	0.730836301439	0.732397419254	0.746250062149	0.731547730522	0.761250501297	0.76594380606	0.740726898673	0.797897775929	0.762996599685	0.737405764694	0.770059592635	0.717663784395	0.704663007509	0.719722285864	0.729802468726	0.743143163986	0.681177462736	0.70859965923	0.671357898502	0.676535163996	0.718845004964	0.710135684015	0.667981829537	0.662041634082	0.703824739369	0.694764347602	0.705635901566	0.703342670478	0.734270623439	0.750451954605	0.705037156194	0.705184945049	0.712014756924	0.710136150435	0.728526223026	0.737611438024	0.741497227314	0.729728077308	0.705842165555	0.699733819762	0.714256538313	0.727633030655	0.699782366395	0.695558593944	0.665753111376	0.699092560366	0.700675204169	0.674509335408	0.679397203808	0.694671136664	0.646439289453	0.666286789743	0.656052584617	0.669456081033	0.773958582579	0.794507275486	0.765527023665	0.785433733254	0.822688490425	0.778377126946	0.79257519039	0.78699696189	0.79143363819	0.797404343139
B.2004.02.S1.405533	0.520063718108	0.0	0.460894897985	0.458439659135	0.457602072436	0.44324977879	0.476728350163	0.464805789769	0.699619890685	0.715066257068	0.704501014762	0.694435670028	0.708338928934	0.673792649467	0.683599864143	0.720659198176	0.69352973564	0.709192936007	0.64494305352	0.645443296093	0.639587300209	0.641379477017	0.640787387136	0.632706999097	0.646578771987	0.659805442695	0.673428877488	0.705866874794	0.69927948701	0.709837640418	0.71429294067	0.69742602869	0.70137305922	0.70085700468	0.694245737883	0.719665075256	0.720124828665	0.701662806767	0.751363457746	0.721483487838	0.735574470798	0.720154263356	0.699613010387	0.664289793238	0.725074618724	0.706477118044	0.695450448169	0.631644262254	0.671552386239	0.629336533512	0.654007337494	0.666223200462	0.663327078556	0.629365118173	0.614414638249	0.630300839282	0.628446003012	0.709341602206	0.695050109024	0.706887897189	0.712601627237	0.680207553213	0.685189838737	0.690587965726	0.682264602518	0.708395011555	0.694945525136	0.717531957491	0.694279209269	0.694346249294	0.660978939475	0.669319916671	0.674849973987	0.673681105789	0.66063762294	0.631147594596	0.650264558245	0.636513819335	0.629978210645	0.626748316543	0.668530140005	0.619447465395	0.622818422712	0.633538511725	0.626946988193	0.742116431409	0.76041434381	0.75649059897	0.774470239408	0.786967857858	0.757314284537	0.766601424484	0.764871737885	0.757232116037	0.779232495709
B.2004.03.S1.405563	0.525945828391	0.460894897985	0.0	0.452862112016	0.469323360424	0.4712718248	0.495155176813	0.487243290126	0.700246116475	0.694105037362	0.704441742165	0.667585059422	0.686296939312	0.67165227082	0.673915045439	0.700038044205	0.692461382876	0.675242801725	0.648946641832	0.642186787228	0.616480038694	0.625425554026	0.618360216889	0.624265076121	0.625214225983	0.644513087619	0.669384182063	0.706426123386	0.678909637385	0.696719412931	0.698091887067	0.693979264886	0.686304048435	0.695596633858	0.692531106592	0.710622835647	0.710337402653	0.697671260859	0.742085402074	0.72453924813	0.708082523286	0.70791856819	0.69261890593	0.66622730178	0.686451023709	0.703324721332	0.690188328574	0.633070861606	0.66893257696	0.640306034686	0.648936965663	0.642417519676	0.661556136897	0.637889630781	0.619948161398	0.618963591539	0.639694800077	0.691012146866	0.673828649329	0.684325711338	0.693293286392	0.680335251704	0.674670601258	0.676591363418	0.679896993014	0.70980551024	0.690845870331	0.686988933653	0.680900889237	0.678015022922	0.661089756137	0.643961745095	0.660631776123	0.666111771598	0.669736109471	0.636431405465	0.655551928892	0.648585157914	0.628821896459	0.607545603702	0.644515894923	0.637706611256	0.633751286228	0.626572078191	0.620449277856	0.742716089458	0.749471758208	0.737234372375	0.766362745902	0.772466783335	0.738767468304	0.763422642162	0.73838868354	0.747649608821	0.761197678013
B.2004.04.S1.405549	0.499412537602	0.458439659135	0.452862112016	0.0	0.440731625969	0.461916504111	0.458255709369	0.46522434626	0.716651549665	0.713320951677	0.717348107715	0.70211966574	0.699583628338	0.692481021227	0.686510607539	0.71922283302	0.706532479781	0.712734370409	0.651207617269	0.643507778638	0.624805730714	0.619367071503	0.632469429108	0.622706044297	0.635937815152	0.644805993525	0.660282427774	0.732182023179	0.70781238722	0.726827544716	0.718759846573	0.713539543339	0.704241059987	0.733783599497	0.712080349711	0.729233406958	0.733603298653	0.714893895225	0.759947350026	0.733415184674	0.716911514657	0.723708441518	0.680049682032	0.660403966819	0.7042431242	0.705562308518	0.690820569941	0.653800533248	0.672746157546	0.618969128629	0.624027188867	0.668473734555	0.656612670636	0.617721829435	0.608641896152	0.645520103779	0.631208524173	0.701474736932	0.693613235374	0.724269797766	0.732176508225	0.693713553504	0.702073354102	0.706795379247	0.701256383123	0.708625669817	0.710353463181	0.722546388372	0.703324288969	0.695392369447	0.672127583465	0.670264035197	0.686209786135	0.666980657117	0.66231296934	0.635555575652	0.63972146448	0.645250402067	0.6271488765	0.623590862717	0.652851536696	0.622647021066	0.621717354186	0.61678351679	0.621055905057	0.752530255451	0.770773513679	0.748419825115	0.774903734091	0.801203340369	0.760173805112	0.779874772599	0.758130269726	0.772422295021	0.778542335729
B.2004.05.S1.405536	0.540593571029	0.457602072436	0.469323360424	0.440731625969	0.0	0.471594134057	0.464856679671	0.481620781352	0.690507639205	0.685821393098	0.701722034152	0.678000022495	0.680094574727	0.670740642051	0.660109878651	0.70718485701	0.698745791954	0.679389405914	0.663811173973	0.651489450383	0.647850185439	0.647911697573	0.653802721044	0.626313092988	0.652975760475	0.664703348612	0.670706922391	0.689547952325	0.677776478671	0.699859503108	0.694196884094	0.68889777309	0.68733855961	0.697060296815	0.690644235586	0.714434961189	0.722916596891	0.690035151519	0.736863218821	0.704936681204	0.682643044973	0.689492769394	0.674718857027	0.645029264806	0.685588348966	0.683178958389	0.666469623492	0.651791061634	0.682173242417	0.63807545731	0.642906008167	0.665810492879	0.667285574355	0.646161190963	0.62547103247	0.63507580622	0.637939705447	0.688600317968	0.688724848647	0.688042280458	0.714657957221	0.66775694641	0.680575044028	0.695858200143	0.678661581406	0.706703434245	0.690312570025	0.698386958764	0.693949234005	0.686649489118	0.659295349893	0.665688251658	0.671118408901	0.65933709283	0.650511191513	0.625354672265	0.628312619161	0.636792689825	0.624773565126	0.614174917365	0.661474487266	0.625041648341	0.62033217756	0.617056648718	0.608139851092	0.728141438059	0.745844907495	0.725541049036	0.760079642243	0.77134557306	0.728058282447	0.744500777037	0.738789730454	0.734774574218	0.752986893615
B.2004.06.S1.405567	0.5443768389	0.44324977879	0.4712718248	0.461916504111	0.471594134057	0.0	0.464181987052	0.454708489006	0.702100817762	0.73058379956	0.710977301164	0.696506225364	0.701544263	0.685874147531	0.689387595808	0.70464656679	0.691981422216	0.703755058503	0.645894796395	0.638846680659	0.637461641847	0.64077964551	0.644129114922	0.633690636382	0.631183591892	0.655980181319	0.666016733267	0.719546411903	0.695479139354	0.717589579651	0.707680443606	0.69348431757	0.694037457422	0.705838271547	0.702558379634	0.728600432964	0.718612946086	0.711538583281	0.759915838783	0.724008926045	0.732311869838	0.722962521676	0.686236904404	0.667359054304	0.711456658425	0.703569761961	0.69779928202	0.632770444595	0.660136424279	0.63353824114	0.64643766749	0.655484829086	0.662120474858	0.633320033122	0.595394848593	0.644290122091	0.634662844481	0.710743389017	0.689095350716	0.707261705855	0.728216804096	0.683540581813	0.680103717049	0.700191008691	0.682131131161	0.715865979737	0.702438938051	0.721179235709	0.697495228874	0.675357362904	0.655148424221	0.667267841226	0.669793826495	0.657563789488	0.637221232949	0.628571495639	0.650585241435	0.632226637003	0.605676143019	0.631608700582	0.652259635297	0.603815575262	0.631009991348	0.616734483806	0.629909006054	0.754235953476	0.765567908282	0.750250738049	0.774884121329	0.777666661912	0.757457675329	0.767679625334	0.754518453936	0.751402617874	0.776838013369
B.2004.07.S1.405529	0.557263390854	0.476728350163	0.495155176813	0.458255709369	0.464856679671	0.464181987052	0.0	0.467453774681	0.690124440978	0.716453920896	0.706307322418	0.691752975135	0.699349970181	0.695678104543	0.684360764053	0.709458179921	0.705611281682	0.683949752687	0.645503548971	0.666556163642	0.641658167403	0.639298280701	0.650570609965	0.6642285236	0.64781838672	0.667560204058	0.688906623007	0.693697008806	0.697137399129	0.71885585606	0.711440514701	0.700315272233	0.702346511904	0.711683168513	0.693842940377	0.70705648653	0.717916736664	0.694578388514	0.73540168967	0.726816901408	0.718878290718	0.710355119124	0.679268257253	0.653812662496	0.720219121277	0.704900644962	0.684600596347	0.651543808334	0.664300639036	0.636877780861	0.64977390673	0.670706156327	0.653654657106	0.642613951688	0.622073066323	0.653017360974	0.65202760591	0.695855523413	0.681902030098	0.704697429178	0.713704603682	0.678346931694	0.682021482756	0.690416474632	0.699628400139	0.695802949013	0.696855060915	0.712251449536	0.683907060818	0.687561298005	0.661306231128	0.672432122695	0.67038221811	0.662649278178	0.668389119605	0.641652692801	0.653300169978	0.638825025625	0.627163207046	0.637534589878	0.664705462538	0.644659818489	0.648125472492	0.625662988819	0.624595515337	0.76550974612	0.764729318808	0.760817276458	0.772374695025	0.785516241203	0.768646736097	0.780286635349	0.761038103527	0.763530651683	0.77481366744
B.2004.08.S1.405610	0.558118177096	0.464805789769	0.487243290126	0.46522434626	0.481620781352	0.454708489006	0.467453774681	0.0	0.702360992915	0.713492335721	0.693986551546	0.682361977448	0.684133546241	0.66617100232	0.669809830462	0.702003217371	0.687157159858	0.690105901305	0.658550456953	0.664864479026	0.648694496964	0.63584283158	0.664541404225	0.650191193577	0.644443580038	0.679464989709	0.678542696996	0.709129209169	0.69589830449	0.7080206834	0.699326241286	0.68457986003	0.687379671936	0.698835904891	0.694136041705	0.717012158854	0.709089406047	0.700736504395	0.73977979734	0.718727481542	0.728686560335	0.713651714834	0.671959012416	0.640887409872	0.705517424962	0.699090410767	0.682060703502	0.643534407871	0.646047376865	0.620558355311	0.646889868524	0.657218541906	0.658141683792	0.625007217941	0.59861147332	0.61833665874	0.607489172679	0.700129079091	0.676549089675	0.699908213275	0.709924292805	0.662123208306	0.684482438434	0.693643940131	0.67515419145	0.706619894597	0.688643391294	0.708113551828	0.688795543848	0.687124019579	0.667076359952	0.651431270503	0.665412371478	0.647375602673	0.650855868208	0.645661513508	0.654515261974	0.65553938073	0.625071423437	0.631684208688	0.662234185324	0.619240632926	0.628862933689	0.623616032784	0.627896305292	0.740231943204	0.757646534547	0.741530661935	0.766738631463	0.772258345818	0.737801242275	0.766285893601	0.742959699828	0.74704679337	0.774975613002
B.2005.01.S1.405588	0.717715502389	0.699619890685	0.700246116475	0.716651549665	0.690507639205	0.702100817762	0.690124440978	0.702360992915	0.0	0.470911291147	0.510802731489	0.512917489325	0.488116558712	0.556810023367	0.528635637448	0.561900416283	0.542056734015	0.486293889576	0.686989686591	0.732177929525	0.722760020141	0.728004130561	0.716917990976	0.727515378792	0.743853664706	0.735755200194	0.757425234139	0.607698206243	0.625493935524	0.63448687545	0.63238957131	0.607002226298	0.626648589326	0.63967608663	0.611342375788	0.657316426254	0.672341644242	0.573101803253	0.622976061499	0.598849015874	0.587807768432	0.61029323401	0.572535089954	0.602465025596	0.608494087895	0.646357281581	0.583920804352	0.678229243639	0.673205101871	0.682642080797	0.666607121086	0.66065259404	0.704740175918	0.691021678326	0.698120846383	0.677504634434	0.674715479886	0.614807483888	0.594497802881	0.599818982725	0.617533404823	0.594380443888	0.612580699693	0.640670741232	0.622424985064	0.635730792771	0.613998387625	0.664788661438	0.652166057905	0.688501958522	0.667031386315	0.68118717412	0.669990153423	0.642844023554	0.659917254638	0.653643639485	0.638484136134	0.639543966357	0.61644793983	0.65596092671	0.669718547522	0.661282766346	0.68133652389	0.632586949091	0.65219238396	0.685596196685	0.64095059519	0.675248979156	0.680802557796	0.71015055034	0.669354339493	0.670020985856	0.650077360218	0.676260381311	0.694537117024
B.2005.02.S1.405604	0.724652852218	0.715066257068	0.694105037362	0.713320951677	0.685821393098	0.73058379956	0.716453920896	0.713492335721	0.470911291147	0.0	0.472795621227	0.492413566599	0.460404958573	0.524187118044	0.500269441403	0.508552258932	0.509003198451	0.476482658598	0.666788495682	0.725940805478	0.711806454114	0.722094672722	0.723220057007	0.707853059149	0.729193067246	0.719629983314	0.733266519703	0.618415044031	0.647092220957	0.640537354712	0.645627445688	0.635662665204	0.634139436604	0.642169139172	0.64076975348	0.68895826068	0.683720463811	0.610670959745	0.646286922805	0.631828149381	0.580836456084	0.64343356477	0.605292645282	0.619627881534	0.616285602946	0.624723061679	0.589724590334	0.686474164369	0.691308456888	0.688006268172	0.681010621332	0.667497335377	0.708395965872	0.704383698217	0.687363015023	0.681816195429	0.684921687026	0.628127992292	0.623909436614	0.638752621092	0.644329230622	0.620519173337	0.656536755088	0.666416703238	0.65702277613	0.661676165724	0.648913506604	0.662752106291	0.657640663912	0.668855709749	0.676309239227	0.676045294145	0.678514870518	0.651604340319	0.66876211987	0.65955529646	0.657853274448	0.648157403397	0.658257781934	0.674229320908	0.68785980086	0.671261790771	0.666873829092	0.640870617399	0.660626095244	0.704979864597	0.684151351873	0.698457969971	0.717218474883	0.738597085912	0.690954354256	0.714714967086	0.681986311253	0.697020274017	0.719077886663
B.2005.03.S1.405591	0.759073980862	0.704501014762	0.704441742165	0.717348107715	0.701722034152	0.710977301164	0.706307322418	0.693986551546	0.510802731489	0.472795621227	0.0	0.477326951581	0.44859954096	0.492247883185	0.494386155028	0.500841884373	0.494496636455	0.47118985505	0.690346416224	0.723934259817	0.71130633448	0.724385223757	0.723595231078	0.716118149391	0.728701111362	0.731713425724	0.740317808209	0.625597898196	0.634631628434	0.631839784	0.628206439952	0.622864139668	0.635640920506	0.639681302283	0.628012960054	0.663920804989	0.650045794794	0.595594287204	0.609086510386	0.623314229851	0.609541808534	0.609912203432	0.621793015987	0.61480646797	0.643275970317	0.646329498197	0.590007584682	0.701316764572	0.691113292851	0.688713663832	0.673064740071	0.658354630748	0.704604112379	0.704027502891	0.70198100582	0.671173986628	0.67717620066	0.64010259241	0.61543609661	0.631168634937	0.626172089569	0.618486443634	0.649429542681	0.661357857139	0.657785161521	0.659807062891	0.633588246786	0.670763264027	0.667873200041	0.702396636574	0.691489446242	0.669277418371	0.669830964659	0.658402692686	0.684120438524	0.655979924199	0.631858935812	0.645271429051	0.639731502174	0.671767015909	0.662929106593	0.649732259345	0.662454900472	0.643502483645	0.654360069451	0.701996662806	0.678190817159	0.704789677731	0.704575128732	0.704366868479	0.678515041008	0.707250070273	0.666912471341	0.698719636331	0.709109969862
B.2005.04.S1.405545	0.712578248279	0.694435670028	0.667585059422	0.70211966574	0.678000022495	0.696506225364	0.691752975135	0.682361977448	0.512917489325	0.492413566599	0.477326951581	0.0	0.438873881639	0.489650342003	0.453581883555	0.512295245738	0.459312186881	0.485869805825	0.648468066276	0.690258514398	0.673789472373	0.678878844203	0.677757350898	0.685656974695	0.69067964527	0.692183879765	0.701755042103	0.626816547295	0.637132145745	0.641247134019	0.625313516658	0.640680511918	0.618759665286	0.65108219291	0.622860087097	0.669083723026	0.675683614848	0.606355345527	0.653349371346	0.623768695395	0.600825034089	0.616122320523	0.589943539514	0.605608133038	0.607316608314	0.639007156179	0.581096552065	0.671635094238	0.680175808272	0.660699408441	0.662745615528	0.650981601327	0.711398356003	0.668343382533	0.67026595341	0.66306642342	0.653743206736	0.637300011713	0.626912337007	0.646997346141	0.65800338955	0.610498883337	0.640064017103	0.647799601057	0.660265494052	0.657859426129	0.652630764158	0.685309872633	0.666149376392	0.668909390112	0.678155427575	0.666428059377	0.66264411291	0.659275483026	0.665096941059	0.629238512394	0.612499702122	0.626093037837	0.619028024998	0.640124603767	0.666659194381	0.624519475375	0.629749290277	0.631877382611	0.624906435971	0.685512858198	0.67508116419	0.689295443544	0.703356561754	0.710080714151	0.678940706658	0.698287707814	0.667310086765	0.694072352233	0.693746188008
B.2005.05.S1.405611	0.725289497637	0.708338928934	0.686296939312	0.699583628338	0.680094574727	0.701544263	0.699349970181	0.684133546241	0.488116558712	0.460404958573	0.44859954096	0.438873881639	0.0	0.477776437496	0.447786378492	0.482916178955	0.454010274244	0.450054668192	0.65134166209	0.707970521928	0.68320733844	0.695274643988	0.696493049605	0.705481483615	0.708984807988	0.696214237429	0.720451092277	0.613596944879	0.628159021399	0.633668941814	0.634234627567	0.618101752821	0.627711868922	0.628183402657	0.606372850205	0.65186224332	0.665413968436	0.599136791323	0.619685878855	0.638021232268	0.589249867199	0.620473970103	0.578480148843	0.607719641897	0.601776113774	0.634357335302	0.562985133239	0.673973025619	0.671086844083	0.668329080403	0.663227157698	0.651741476299	0.695448852465	0.680571369293	0.676417064335	0.659906929466	0.661294985446	0.644788631	0.62090522429	0.642751677895	0.643879596782	0.628100736954	0.657826390954	0.676910593737	0.666207950845	0.659901835516	0.654787869799	0.680586243822	0.669848892318	0.68836604366	0.672094754136	0.667530836348	0.663088748027	0.658343240313	0.663110408068	0.639109254425	0.635427281112	0.629105056153	0.621112708792	0.655708144369	0.662789710165	0.62100411365	0.645194222141	0.611358639509	0.638666789009	0.714794620073	0.681471985245	0.704246515706	0.714924453154	0.720728570932	0.68107638867	0.719958601101	0.672198658077	0.689243180398	0.710532633662
B.2005.06.S1.405537	0.715276902867	0.673792649467	0.67165227082	0.692481021227	0.670740642051	0.685874147531	0.695678104543	0.66617100232	0.556810023367	0.524187118044	0.492247883185	0.489650342003	0.477776437496	0.0	0.483794807938	0.480045674118	0.489844751842	0.505523561281	0.673583221064	0.719353664731	0.686425628886	0.70714736273	0.699314820963	0.703699350382	0.716073530518	0.707063791016	0.713747758847	0.640699815894	0.653571014191	0.664458574659	0.635654441092	0.640939517357	0.636205177908	0.651372271517	0.650038983259	0.658074250351	0.668088860515	0.618119022092	0.652355913795	0.649939574431	0.624231268672	0.626835453617	0.608937174516	0.604638418383	0.619629693799	0.600531661543	0.598713729347	0.656977405711	0.666487642744	0.65856788744	0.660867366426	0.63674485048	0.687824430696	0.658092553826	0.664612439341	0.64615017134	0.64713917066	0.651232038932	0.636935386174	0.647499294407	0.647678042385	0.634766909105	0.662253336646	0.652163936794	0.647039264438	0.668462537415	0.649374663682	0.689491477341	0.664356350489	0.683524097899	0.683313187173	0.64923355108	0.677194727816	0.668377270535	0.669917066724	0.622159952266	0.642899321292	0.655799850307	0.632634566743	0.650143457875	0.64276547778	0.626280040932	0.627991461558	0.618573743255	0.621463722064	0.686983400758	0.699406803961	0.709370599873	0.71554329333	0.724654714817	0.682537433977	0.707353336526	0.682006895108	0.701499378187	0.727047442398
B.2005.07.S1.405586	0.699619986919	0.683599864143	0.673915045439	0.686510607539	0.660109878651	0.689387595808	0.684360764053	0.669809830462	0.528635637448	0.500269441403	0.494386155028	0.453581883555	0.447786378492	0.483794807938	0.0	0.471500287759	0.455967565326	0.480872540899	0.633592320218	0.690689727525	0.672788657242	0.686893518263	0.685486211669	0.678738858777	0.700380538363	0.68485967745	0.687545856682	0.631540953659	0.646890640803	0.644547525517	0.631183913013	0.642326521175	0.630220020399	0.646982204175	0.644135072846	0.648272642689	0.675054513724	0.607066620077	0.654280314508	0.625521374976	0.602107883091	0.631769105379	0.578924395238	0.593410788573	0.61960493467	0.638404961296	0.577319893018	0.673830510925	0.669704378405	0.656236815453	0.648110844591	0.65469140349	0.687036850569	0.646856163813	0.654718039242	0.655266381478	0.639280626287	0.632766704016	0.61587535975	0.626362769902	0.631766500236	0.603505912475	0.625862708872	0.657797344715	0.642357859681	0.640626356455	0.637209509135	0.688072569551	0.668480388909	0.672363142009	0.660140856362	0.659980176536	0.674231654969	0.639180868891	0.643780583458	0.629108262708	0.606916569125	0.625696846557	0.603483016573	0.636573396914	0.648133296448	0.607741330241	0.618681087383	0.592247399042	0.621749799174	0.703947840626	0.704340039498	0.712478626899	0.718653101351	0.732043137606	0.690761817514	0.718021151969	0.678765622661	0.691467193526	0.72200964666
B.2005.08.S1.405559	0.7305692619	0.720659198176	0.700038044205	0.71922283302	0.70718485701	0.70464656679	0.709458179921	0.702003217371	0.561900416283	0.508552258932	0.500841884373	0.512295245738	0.482916178955	0.480045674118	0.471500287759	0.0	0.489248187957	0.515838138533	0.689003514847	0.721098856768	0.707347661191	0.726525593292	0.73097503737	0.716302673759	0.728008006495	0.720835584796	0.72494455811	0.647311238199	0.652357100073	0.645561674418	0.644884565838	0.64869639781	0.637236501011	0.656531450057	0.648708018905	0.666674242102	0.663868978368	0.612493488773	0.652966830676	0.650696045009	0.600293262393	0.608594662122	0.593839072443	0.592477000101	0.630861404001	0.637896284284	0.585900993068	0.697745982569	0.685065231929	0.682468228496	0.677721458309	0.668750108301	0.701019400394	0.694180469334	0.685366776654	0.672543140943	0.664478173525	0.655541725056	0.64129405636	0.652091076666	0.654383316717	0.641534808731	0.66495881178	0.675490907234	0.672609374725	0.669908317707	0.661928206497	0.689671853347	0.67511587852	0.688292166221	0.685042001241	0.672052374163	0.684551165672	0.658907069503	0.659312791975	0.668453898056	0.656586948558	0.640657272713	0.632776560345	0.676022018876	0.675560202231	0.647624478736	0.642115111781	0.625489870553	0.66212689851	0.723157781666	0.706844895216	0.730682256891	0.722672501926	0.737480943057	0.696053876191	0.736560731371	0.697823251277	0.705790348672	0.721393786772
B.2005.09.S1.405592	0.724226508177	0.69352973564	0.692461382876	0.706532479781	0.698745791954	0.691981422216	0.705611281682	0.687157159858	0.542056734015	0.509003198451	0.494496636455	0.459312186881	0.454010274244	0.489844751842	0.455967565326	0.489248187957	0.0	0.492571095244	0.657548131879	0.709622523416	0.684344664158	0.695233697585	0.708688939155	0.708315596956	0.708237154529	0.698486142713	0.703068642743	0.635330432553	0.641759441927	0.646326465715	0.611264562608	0.632512873826	0.634003181496	0.63331208167	0.640277895952	0.667966043774	0.674531289624	0.63564651021	0.668104049699	0.665009206665	0.620897266514	0.653823402407	0.582093175218	0.626738837506	0.617936856079	0.647891933018	0.597858892163	0.676563762056	0.672155916222	0.66688786105	0.658109542192	0.66347975664	0.698293969559	0.677928369552	0.664655205516	0.672852914691	0.672157898228	0.657281425084	0.642785806752	0.651809775079	0.672872888893	0.634391334222	0.65690169528	0.67660911998	0.663022281057	0.657683176581	0.668407936789	0.697401318195	0.661498356858	0.673377250858	0.678826613548	0.673759804168	0.670482887405	0.649321102075	0.650900210461	0.635418615545	0.633509297124	0.650272120267	0.648955210968	0.669453950596	0.676879305384	0.633019387618	0.633512731631	0.629636033657	0.64990553955	0.72054708314	0.707936988411	0.723091262507	0.713529472327	0.735590417101	0.689802152626	0.739705545036	0.691680003553	0.704296360804	0.716137871305
B.2005.10.S1.405573	0.722929852211	0.709192936007	0.675242801725	0.712734370409	0.679389405914	0.703755058503	0.683949752687	0.690105901305	0.486293889576	0.476482658598	0.47118985505	0.485869805825	0.450054668192	0.505523561281	0.480872540899	0.515838138533	0.492571095244	0.0	0.647063861364	0.710623020377	0.691225709049	0.692528091715	0.69865146365	0.698742587085	0.703774975385	0.704965947267	0.719209950493	0.613982293645	0.635667165159	0.633449459299	0.61468863705	0.623771732048	0.614086892129	0.632326338929	0.618074467445	0.653252778732	0.656287075376	0.572713005891	0.607359529966	0.622098868772	0.560256352288	0.598335993849	0.587386330066	0.614936936832	0.604030311814	0.638218661396	0.577418019068	0.685660082597	0.669242727373	0.68088817125	0.671312295746	0.650249637463	0.696219192427	0.702203012578	0.697841115995	0.65992011221	0.677110416716	0.628405009107	0.591132693409	0.597531184019	0.607973628715	0.614570044072	0.625412876823	0.639820865983	0.635477225331	0.647293491125	0.616666464687	0.643855254158	0.669040651574	0.684279437201	0.674713711106	0.662553768779	0.657555291423	0.653897804726	0.662670259977	0.639507825896	0.627223058971	0.643674595655	0.636561584348	0.635269803473	0.652311910153	0.641657967303	0.665787140531	0.641632262262	0.645668981563	0.705205662277	0.66926633103	0.706779664284	0.696933736192	0.713691324674	0.681960033285	0.713315728865	0.66610084138	0.686814719773	0.708299845359
B.2006.01.S1.405568	0.656303105	0.64494305352	0.648946641832	0.651207617269	0.663811173973	0.645894796395	0.645503548971	0.658550456953	0.686989686591	0.666788495682	0.690346416224	0.648468066276	0.65134166209	0.673583221064	0.633592320218	0.689003514847	0.657548131879	0.647063861364	0.0	0.544878989393	0.469379073139	0.480955848291	0.492780906106	0.499839085385	0.49254544914	0.509084924019	0.529165471429	0.667779349204	0.66982325432	0.689834560889	0.66483653233	0.666831433684	0.673462065142	0.66674602885	0.658188033855	0.684983779121	0.691501872807	0.661099981459	0.704139635743	0.686918359287	0.701625727093	0.69737501471	0.642554532613	0.67704327025	0.678775154712	0.70795387409	0.662478428578	0.620130133206	0.670533312756	0.633573402713	0.640661179033	0.6532912683	0.697748444105	0.646876773962	0.629182339554	0.648304868337	0.640804756754	0.663385390711	0.667220774929	0.664926442608	0.675728101444	0.657938773206	0.659388399572	0.685935391943	0.668110133034	0.672115215632	0.665149859986	0.666514444788	0.660948230248	0.657579710546	0.628374751824	0.649709960568	0.650508144352	0.634065739719	0.617750456298	0.615852290634	0.631728956222	0.634265127593	0.624614427939	0.631851858005	0.666277290462	0.620609397925	0.655378662311	0.631171928795	0.622496276404	0.729211950378	0.723598743498	0.736813622123	0.745241216954	0.748767799516	0.727088034969	0.744339193713	0.729614036241	0.717323567283	0.757631882401
B.2006.02.S1.405606	0.655438535182	0.645443296093	0.642186787228	0.643507778638	0.651489450383	0.638846680659	0.666556163642	0.664864479026	0.732177929525	0.725940805478	0.723934259817	0.690258514398	0.707970521928	0.719353664731	0.690689727525	0.721098856768	0.709622523416	0.710623020377	0.544878989393	0.0	0.439497070123	0.481912172233	0.465362500679	0.4714928954	0.475915849521	0.489911813612	0.459289222731	0.727042792931	0.71008405679	0.707561319056	0.694030008317	0.715614003138	0.699963623378	0.714762796309	0.701758251182	0.719749860646	0.720117194109	0.711829421176	0.751585317828	0.721115888461	0.730161345966	0.727913638069	0.709400089332	0.707293957026	0.72332965309	0.730699754945	0.714883279757	0.656736575613	0.706605302127	0.684237320837	0.694277734762	0.694819753541	0.712290925998	0.690675114277	0.673607292392	0.696844019301	0.683445784055	0.725531572256	0.713428610102	0.710122475827	0.730254989425	0.714881296817	0.7036295841	0.729756400683	0.697301015696	0.714642956377	0.714239863534	0.732603364111	0.700175229348	0.667871357386	0.696933131098	0.699518490873	0.694536326563	0.686864225993	0.672014316465	0.665553354067	0.681775508969	0.666712422353	0.667391773623	0.648604099687	0.685317973691	0.653740614345	0.663495559419	0.666368944006	0.68737185892	0.751036450534	0.753975989551	0.760682458337	0.765554204936	0.776372876079	0.758597995495	0.772552359473	0.750418459409	0.744630942911	0.780021994085
B.2006.03.S1.405589	0.643997684755	0.639587300209	0.616480038694	0.624805730714	0.647850185439	0.637461641847	0.641658167403	0.648694496964	0.722760020141	0.711806454114	0.71130633448	0.673789472373	0.68320733844	0.686425628886	0.672788657242	0.707347661191	0.684344664158	0.691225709049	0.469379073139	0.439497070123	0.0	0.458368948928	0.440426805818	0.451260078596	0.466782941358	0.43059250957	0.433493565958	0.713229895628	0.69840840257	0.698858940286	0.695218328915	0.706463673156	0.69569244014	0.707363233522	0.695527946102	0.718425041116	0.718246169226	0.715852523723	0.746566487845	0.729724146957	0.735348641009	0.72075831562	0.690559821758	0.689815332211	0.721918189106	0.715730860552	0.702507181972	0.661497706998	0.692358884926	0.666452762108	0.675472338523	0.678945383655	0.705864820161	0.68134411458	0.652967998436	0.666336546567	0.663938759149	0.714800571163	0.694385791297	0.709699790765	0.724945477463	0.691661133985	0.705336983596	0.723354188799	0.700189255788	0.717198164313	0.70884293283	0.709989012886	0.695513420792	0.673130549455	0.678068139934	0.668234640963	0.677413848033	0.668033060727	0.648954758737	0.639881850219	0.664862655399	0.673785717638	0.662001988899	0.658573997971	0.678064358595	0.652833149475	0.663885206512	0.656772222061	0.658886861651	0.76686322185	0.773670894991	0.77627643643	0.786332548124	0.790395757054	0.770531473828	0.785988759981	0.768181993296	0.769205559589	0.785304390349
B.2006.04.S1.405572	0.646414962412	0.641379477017	0.625425554026	0.619367071503	0.647911697573	0.64077964551	0.639298280701	0.63584283158	0.728004130561	0.722094672722	0.724385223757	0.678878844203	0.695274643988	0.70714736273	0.686893518263	0.726525593292	0.695233697585	0.692528091715	0.480955848291	0.481912172233	0.458368948928	0.0	0.406925862315	0.443679235412	0.412425938529	0.459208596886	0.483093713035	0.722622455113	0.713492157387	0.717088988031	0.698714043464	0.71152593413	0.695324533407	0.696578687845	0.695534902975	0.710233942474	0.704942520016	0.714807655284	0.761924319255	0.732604808454	0.736715088141	0.740858415511	0.70379770794	0.708894687212	0.709882473187	0.732641834965	0.729651071613	0.650659411015	0.696865369972	0.668560131997	0.664988811029	0.664011391306	0.691326701577	0.665202828239	0.640700846195	0.659954821778	0.65163669016	0.704728421652	0.693105488277	0.690757222635	0.709630854058	0.693777268251	0.686109548419	0.705828727556	0.685456474179	0.69675587415	0.685029318075	0.718383568813	0.684047500476	0.665987733983	0.672648233039	0.683963499853	0.657231669218	0.666839865227	0.649273662447	0.651559566232	0.673841808323	0.660621205844	0.651243008551	0.636182555595	0.685138872069	0.649686403045	0.657929406604	0.651980719004	0.658469510586	0.777388821918	0.775132848661	0.781513850946	0.778563084553	0.795336814719	0.772531054206	0.794196775871	0.774493872708	0.765509343877	0.786970854747
B.2006.05.S1.405597	0.646268194055	0.640787387136	0.618360216889	0.632469429108	0.653802721044	0.644129114922	0.650570609965	0.664541404225	0.716917990976	0.723220057007	0.723595231078	0.677757350898	0.696493049605	0.699314820963	0.685486211669	0.73097503737	0.708688939155	0.69865146365	0.492780906106	0.465362500679	0.440426805818	0.406925862315	0.0	0.42931834337	0.425869415801	0.451373879442	0.485899582222	0.717404397879	0.707309128657	0.702078928435	0.699878030354	0.70971510355	0.69787126507	0.707266532431	0.700241707248	0.720800805872	0.711761721631	0.713105394625	0.753017190759	0.732026831229	0.735970815454	0.726804398942	0.710831024994	0.710438850401	0.717989278138	0.731968960106	0.714735839082	0.644898859899	0.695701910198	0.665670665364	0.66813958988	0.666712624178	0.704693116432	0.66546615728	0.656356990996	0.66562314297	0.652945734624	0.717220338273	0.697698540691	0.698686788513	0.712490308482	0.698426659617	0.684384433414	0.694134925243	0.694485611962	0.707016497165	0.689976383269	0.698531090026	0.679586890121	0.662269018193	0.665327214951	0.677303913722	0.657215530347	0.667960814646	0.650596428129	0.656974046997	0.66967819868	0.669750338259	0.660601352389	0.649680916848	0.685551969564	0.664804975687	0.661347020616	0.670071928287	0.669938203556	0.771873794599	0.768493318558	0.774464176335	0.78518927897	0.792591254074	0.775965556848	0.782143815281	0.770356811436	0.773355701461	0.787876298756
B.2006.06.S1.405542	0.635714661909	0.632706999097	0.624265076121	0.622706044297	0.626313092988	0.633690636382	0.6642285236	0.650191193577	0.727515378792	0.707853059149	0.716118149391	0.685656974695	0.705481483615	0.703699350382	0.678738858777	0.716302673759	0.708315596956	0.698742587085	0.499839085385	0.4714928954	0.451260078596	0.443679235412	0.42931834337	0.0	0.454362278392	0.433933168284	0.458728022064	0.714462654635	0.711251857713	0.703068682957	0.702099801444	0.711270657062	0.710122094507	0.712595332792	0.705295304229	0.729468901718	0.72378354838	0.712393112672	0.759543271058	0.720913568639	0.740083268235	0.729398062723	0.710548060451	0.695770639688	0.716533479034	0.740753339344	0.715672799823	0.65688751899	0.705133787406	0.665733421846	0.666221112775	0.689029183127	0.699050158488	0.657126637958	0.645804029894	0.668567047657	0.656326945409	0.703926815106	0.710791771949	0.69171697771	0.719299236976	0.694032719176	0.690400984378	0.712933741387	0.69136121304	0.711647649024	0.685840711259	0.710751216035	0.69012450009	0.675063417518	0.660266525586	0.684103060564	0.677430216897	0.646910492678	0.649070283326	0.651149281919	0.649719515144	0.646826424594	0.634121218457	0.633287307825	0.67970338778	0.648079332423	0.64895175893	0.660104901722	0.661351533861	0.76491144624	0.770809999366	0.763748251424	0.780407641168	0.780043333381	0.768362030291	0.777875597245	0.765275704321	0.763806641655	0.78207164814
B.2006.07.S1.405582	0.6594520669	0.646578771987	0.625214225983	0.635937815152	0.652975760475	0.631183591892	0.64781838672	0.644443580038	0.743853664706	0.729193067246	0.728701111362	0.69067964527	0.708984807988	0.716073530518	0.700380538363	0.728008006495	0.708237154529	0.703774975385	0.49254544914	0.475915849521	0.466782941358	0.412425938529	0.425869415801	0.454362278392	0.0	0.47038034565	0.476749197835	0.718017980081	0.711553798582	0.716152514463	0.712397111995	0.711520071778	0.691668216423	0.711749635754	0.699295949448	0.717320146103	0.703472407749	0.713473957129	0.759234225397	0.722817681757	0.743815377009	0.7338470017	0.703576851426	0.70161598941	0.720668874569	0.735929890127	0.709853110796	0.655574307551	0.704324249795	0.672220162438	0.670221391888	0.665362779123	0.703277962966	0.657333449924	0.649689894593	0.668790400808	0.650697502106	0.722535669368	0.700251470988	0.707313449441	0.719940772191	0.703960754304	0.699237811443	0.70888933706	0.690384282906	0.711394060916	0.692706449231	0.70203817996	0.684512717132	0.660065082628	0.656850909845	0.671327376877	0.66483089497	0.659350691219	0.650858300194	0.668651054785	0.66699561243	0.678777755935	0.662405006469	0.640370961616	0.685045033268	0.662841707134	0.663258017625	0.663734883545	0.659960923432	0.770773963673	0.779577047124	0.778594192276	0.782905795589	0.786355965641	0.779864915974	0.785026077184	0.778049979496	0.76986022098	0.787735220011
B.2006.08.S1.405615	0.659122677187	0.659805442695	0.644513087619	0.644805993525	0.664703348612	0.655980181319	0.667560204058	0.679464989709	0.735755200194	0.719629983314	0.731713425724	0.692183879765	0.696214237429	0.707063791016	0.68485967745	0.720835584796	0.698486142713	0.704965947267	0.509084924019	0.489911813612	0.43059250957	0.459208596886	0.451373879442	0.433933168284	0.47038034565	0.0	0.455752200895	0.719339096763	0.707926031274	0.702582258927	0.705188165048	0.698897231038	0.704642352531	0.706925958528	0.704878707237	0.722651673696	0.721184463869	0.713280090308	0.761817759155	0.741957645017	0.746670635852	0.740643123728	0.7079558809	0.716357810709	0.729849173721	0.730357066152	0.72049706306	0.648135809704	0.689000862898	0.67994398564	0.675013081029	0.678129659571	0.683060506956	0.680503562745	0.659986269556	0.678942076245	0.665526553944	0.713204873567	0.705497229479	0.705349679807	0.722899582215	0.699530624333	0.692135059993	0.725632483945	0.69495490616	0.701697625446	0.704503109033	0.722800840661	0.690213935345	0.669696083129	0.67334067602	0.667935713217	0.676966834693	0.675851525786	0.653598781573	0.66053388237	0.665479508235	0.677499836895	0.67365282189	0.665451745313	0.656622165471	0.6692527936	0.678414500458	0.663687341292	0.676870364052	0.767648522286	0.77323689757	0.772379725749	0.775933813445	0.787564734545	0.772401723154	0.782278821056	0.769398336633	0.763466866023	0.791299039539
