	B.2004.01.S1.405609	B.2004.02.S1.405533	B.2004.03.S1.405563	B.2004.04.S1.405549	B.2004.05.S1.405536	B.2004.06.S1.405567	B.2004.07.S1.405529	B.2004.08.S1.405610	B.2005.01.S1.405588	B.2005.02.S1.405604	B.2005.03.S1.405591	B.2005.04.S1.405545	B.2005.05.S1.405611	B.2005.06.S1.405537	B.2005.07.S1.405586	B.2005.08.S1.405559	B.2005.09.S1.405592	B.2005.10.S1.405573	B.2006.01.S1.405568	B.2006.02.S1.405606	B.2006.03.S1.405589	B.2006.04.S1.405572	B.2006.05.S1.405597	B.2006.06.S1.405542	B.2006.07.S1.405582	B.2006.08.S1.405615	B.2006.09.S1.405526	B.2008.01.S1.405595	B.2008.02.S1.405555	B.2008.03.S1.405528	B.2008.04.S1.405565	B.2008.05.S1.405541	B.2008.06.S1.405543	B.2008.07.S1.405599	B.2008.08.S1.405550	B.2008.09.S1.405553	B.2008.10.S1.405544	B.2009.01.S1.405540	B.2009.02.S1.405570	B.2009.03.S1.405564	B.2009.04.S1.405531	B.2009.05.S1.405596	B.2009.06.S1.405554	B.2009.07.S1.405524	B.2009.08.S1.405578	B.2009.09.S1.405547	B.2009.10.S1.405585	B.2011.01.S1.405525	B.2011.02.S1.405575	B.2011.03.S1.405538	B.2011.04.S1.405598	B.2011.05.S1.405539	B.2011.06.S1.405532	B.2011.07.S1.405534	B.2011.08.S1.405530	B.2011.09.S1.405577	B.2011.10.S1.405602	B.2012.01.S1.405593	B.2012.02.S1.405552	B.2012.03.S1.405546	B.2012.04.S1.405562	B.2012.05.S1.405616	B.2012.06.S1.405601	B.2012.07.S1.405580	B.2012.08.S1.405556	B.2012.09.S1.405527	B.2012.10.S1.405569	B.2016.01.S1.405584	B.2016.02.S1.405600	B.2016.03.S1.405618	B.2016.04.S1.405579	B.2016.05.S1.405583	B.2016.06.S1.405581	B.2016.07.S1.405551	B.2016.08.S1.405590	B.2019.01.S1.405535	B.2019.02.S1.405607	B.2019.03.S1.405560	B.2019.04.S1.405614	B.2019.05.S1.405612	B.2019.06.S1.405608	B.2019.07.S1.405558	B.2019.08.S1.405613	B.2019.09.S1.405605	B.2019.10.S1.405561	B.2020.01.S1.405576	B.2020.02.S1.405548	B.2020.03.S1.405571	B.2020.04.S1.405587	B.2020.05.S1.405574	B.2020.06.S1.405557	B.2020.07.S1.405566	B.2020.08.S1.405603	B.2020.09.S1.405594	B.2020.10.S1.405617
B.2004.01.S1.405609	0.0	0.282744856425	0.345398255337	0.243300528549	0.330515437854	0.302996557734	0.427030558637	0.375959978204	0.630625007956	0.602945172687	0.600860562299	0.548268258035	0.574344767652	0.407312442379	0.570096865772	0.515206574709	0.498141741571	0.599980199726	0.621453718185	0.369109243751	0.352651713957	0.327670610236	0.352310929311	0.295019353808	0.309246421291	0.306315719566	0.289710934474	0.649924650575	0.574547736979	0.467775416964	0.471274031738	0.507753507684	0.504222394428	0.474575620201	0.581072720883	0.469448052009	0.489078791779	0.729118284382	0.867260490368	0.82192181725	0.752234163116	0.789763761985	0.664418530762	0.602229115883	0.590938807277	0.60262205947	0.685339493193	0.469370349015	0.345830414286	0.382604155411	0.393752898497	0.484834618731	0.313146384325	0.306816885226	0.287278612946	0.403072637006	0.303416569273	0.536810977496	0.49296107867	0.527760794968	0.498212925862	0.431681058697	0.411536915391	0.409682514525	0.337332905299	0.369458752953	0.473323341998	0.666908887018	0.539583407816	0.476239812608	0.513537050691	0.517248592087	0.531527267409	0.519686814299	0.482460463691	0.476189779131	0.600245141696	0.571862928426	0.474342096068	0.422857884795	0.358130503684	0.262908180096	0.223671050064	0.334839891963	0.348814786136	0.431199810259	0.717457843495	0.553546109963	0.615497052168	0.484896651028	0.465985756408	0.64898655197	0.667839570305	0.595154177528	0.501233138358
B.2004.02.S1.405533	0.282744856425	0.0	0.146753747183	0.108215931258	0.128143776187	0.0919067208197	0.194554899326	0.139683056735	0.484728014551	0.457878299799	0.448655421025	0.397723185627	0.426252391424	0.249603499801	0.425515890022	0.360073155194	0.359408612873	0.456395964362	0.482941266003	0.271551881793	0.248765594925	0.277428318729	0.273229449937	0.308156013673	0.341049744592	0.337793556493	0.323805382641	0.496474767224	0.428373719942	0.36392191141	0.343181926297	0.371936983085	0.36124948391	0.332710992375	0.449172944496	0.389395709864	0.452969637943	0.591671661442	0.725766829735	0.676123307178	0.607797504325	0.645486561701	0.524380689464	0.441008681543	0.449228926112	0.459238104123	0.536083334055	0.320004072019	0.271014990716	0.278485245202	0.324926447623	0.339299592595	0.304004911013	0.279522503188	0.254651936185	0.290634619736	0.262188763915	0.397479458001	0.353634518316	0.386109251442	0.352458666834	0.292393723566	0.281598047151	0.275966029848	0.342903282864	0.352828777714	0.392570490861	0.516349569002	0.40909728337	0.351784964091	0.367671805563	0.3677291178	0.374232255887	0.370882926857	0.338217113527	0.337971040955	0.465140829844	0.441499092676	0.352058719812	0.31218096613	0.244798393864	0.198888560996	0.204889158254	0.236242370528	0.228332693301	0.304074893132	0.575898323949	0.414516284813	0.471762290084	0.339855505969	0.319715817519	0.509633962248	0.527896619977	0.447738026527	0.357480560688
B.2004.03.S1.405563	0.345398255337	0.146753747183	0.0	0.152976674187	0.114203114008	0.135394648155	0.17256720269	0.125698688526	0.419689039308	0.385417166977	0.380307982171	0.331606740788	0.358162846296	0.204156593655	0.355333230034	0.295955704265	0.291016359884	0.36109449897	0.411516298482	0.253756214493	0.256379666607	0.256509396054	0.246799460732	0.326238853815	0.364326763159	0.355741054309	0.34760800522	0.424211461455	0.398329056844	0.322437111471	0.29499342913	0.299625302377	0.289947654193	0.26418044829	0.35703873406	0.348657601522	0.445658697364	0.497611220208	0.629510548616	0.58031330124	0.528598029752	0.549199244049	0.453537710598	0.367680056805	0.359639681906	0.385322570262	0.45875873	0.241366439699	0.281847962578	0.272577869396	0.350591127585	0.245363926095	0.353654618494	0.329227582939	0.306071620361	0.251081512169	0.312597339852	0.329258139658	0.270450127264	0.298031772491	0.275078610335	0.247592449703	0.201758001071	0.204397803012	0.382968746131	0.351750362113	0.366689023227	0.418810534265	0.31582302934	0.269280078749	0.296062055465	0.289309968304	0.302259296922	0.299256308926	0.267898285545	0.273670823171	0.395359525001	0.374569449412	0.286810786381	0.221105699959	0.176921214896	0.216761533235	0.248998532507	0.181670748258	0.184324339828	0.265193419393	0.481809993371	0.347027801168	0.379022622381	0.251878951856	0.252233207298	0.416472926584	0.434744148769	0.378477076918	0.264174782302
B.2004.04.S1.405549	0.243300528549	0.108215931258	0.152976674187	0.0	0.152187832564	0.108650056164	0.224765517462	0.179834597065	0.480150290153	0.452714389319	0.439820755916	0.391041537421	0.421998308186	0.24527873384	0.420608185625	0.354350426674	0.354668140292	0.44957004937	0.468814271983	0.237785378658	0.213357219086	0.231194642223	0.230524753798	0.253561696197	0.30098979861	0.293343578181	0.273949550868	0.483848255164	0.411740137371	0.337919946715	0.31839958091	0.361220442784	0.353788997337	0.325237847799	0.438856222428	0.361123401314	0.415095478528	0.584025613148	0.716962296284	0.666962233595	0.598440901956	0.637682668481	0.512185536865	0.430366266532	0.441863837492	0.455156209376	0.52323191966	0.313315220523	0.241920777305	0.245846556402	0.300223136523	0.326482067344	0.278909832663	0.245765303043	0.227869596841	0.262412473797	0.234289152677	0.390007960123	0.347455493336	0.379479095034	0.343882851466	0.284155175278	0.274323160549	0.271113117111	0.313220453528	0.319686386505	0.363303317784	0.503889134564	0.401876231688	0.339652690933	0.360444115284	0.359898912031	0.363858401389	0.360918677413	0.32599599747	0.330438089617	0.455387129667	0.433483189782	0.342534944008	0.30335951853	0.235424962039	0.162336036367	0.167908115693	0.227686416797	0.221698228526	0.287319705201	0.563319677487	0.404217268852	0.461160564453	0.330609032131	0.306751260648	0.499576520455	0.517506599175	0.435511164728	0.347323874165
B.2004.05.S1.405536	0.330515437854	0.128143776187	0.114203114008	0.152187832564	0.0	0.130930053186	0.157470555056	0.106549806689	0.437706015513	0.408346519129	0.394887283748	0.347602863744	0.376142787729	0.22555545759	0.374447261941	0.312503545536	0.309334393821	0.407591219768	0.438713972367	0.310871530424	0.287838469665	0.323354297526	0.308419663792	0.344648673731	0.394079021069	0.383952593232	0.36483379102	0.448893170911	0.427929522728	0.373838137484	0.348220774039	0.324877815375	0.340701173923	0.315134857332	0.403187670871	0.400730404565	0.46886304816	0.54565211766	0.674726803153	0.628289380494	0.558657212944	0.598471549964	0.476666804773	0.388051547964	0.406449640068	0.415095135861	0.480732810747	0.27621234155	0.306062532291	0.286553591536	0.338329031855	0.281737998791	0.369070385901	0.335411820747	0.323562909569	0.301900733102	0.325211556996	0.345844854893	0.308342325143	0.336805184136	0.303921684643	0.274957340252	0.246508788703	0.233681265182	0.391488607658	0.387278318125	0.405049410294	0.460236847151	0.360485516218	0.292796479869	0.320258071148	0.318187676928	0.325612616711	0.320064495607	0.28479740438	0.295920506474	0.416251318081	0.39639093547	0.308048602223	0.266543110537	0.21722751716	0.244768714997	0.257253349531	0.211640276378	0.217434912233	0.272068899602	0.527044807949	0.367347538993	0.42631220858	0.307342803801	0.274501673562	0.465712132313	0.48173563683	0.401863779631	0.315510482017
B.2004.06.S1.405567	0.302996557734	0.0919067208197	0.135394648155	0.108650056164	0.130930053186	0.0	0.177223241408	0.124278317252	0.479719777982	0.442416359572	0.433696276433	0.382380950194	0.408658659643	0.223404652544	0.406320275675	0.33916428522	0.341320470887	0.443494104754	0.463107561456	0.251671545209	0.225036292897	0.257330076672	0.254231224624	0.289593622018	0.328426535216	0.322186583281	0.307475245886	0.465636886163	0.392050161887	0.336456175037	0.318195653002	0.351142422155	0.340690818185	0.312057881772	0.428536808926	0.366190547562	0.439809790661	0.580309224472	0.7143739252	0.660733710381	0.589974114364	0.630458344357	0.506930408375	0.415035640457	0.442956527068	0.442609380439	0.514084973412	0.289949374676	0.243161465321	0.248977820458	0.316434799547	0.314175601307	0.301506093488	0.270126554468	0.244560421946	0.263051948057	0.255411830559	0.387800152629	0.344580137536	0.369960318082	0.333939428493	0.275157360768	0.266574969278	0.269619161005	0.338896780053	0.333179724405	0.369332554033	0.484298385525	0.398666519039	0.342565586375	0.353322408226	0.353878018732	0.36111380286	0.353976044571	0.32505752452	0.326544356017	0.452977521155	0.43645044462	0.345089880519	0.304535997105	0.232382717327	0.191906365061	0.207704023728	0.229276328796	0.221258570965	0.289634594093	0.559813009375	0.398355265508	0.445495747073	0.314440468291	0.303307848038	0.495748516305	0.512409570075	0.428840097341	0.332029776731
B.2004.07.S1.405529	0.427030558637	0.194554899326	0.17256720269	0.224765517462	0.157470555056	0.177223241408	0.0	0.0889801199027	0.366880975783	0.338587048188	0.333667675073	0.282624631532	0.307065629692	0.248028212948	0.306371148461	0.240986854059	0.256971711153	0.341057736823	0.355878855161	0.36494994798	0.335194164961	0.370948498629	0.358139872696	0.404737708585	0.459215691221	0.439859150503	0.421867339881	0.368046798162	0.425792211451	0.380052754218	0.355949431846	0.301232199855	0.333611882862	0.313921967958	0.327460586195	0.408330375571	0.487319395822	0.472031679635	0.599288369882	0.551783362744	0.482891626384	0.524145043968	0.400811645164	0.31643459197	0.331764319141	0.34237646648	0.40870579919	0.229906190619	0.360016238929	0.333806530734	0.385620723856	0.277632496139	0.434391413723	0.404817860433	0.378628437821	0.341363007757	0.388645592499	0.277460833574	0.276392553314	0.269057713527	0.25955493766	0.282566801392	0.276459113519	0.245854367858	0.459507590058	0.437481608124	0.406241619562	0.381431821124	0.291535766446	0.250195659503	0.249069817142	0.287952593531	0.305440761331	0.271045356874	0.24550588974	0.246537913913	0.348669113288	0.32818105	0.237915674271	0.236982952348	0.251471321427	0.29456436113	0.321545694158	0.248847990587	0.25997140967	0.328339421782	0.45972474392	0.299366294864	0.354474157103	0.320650061245	0.260900441941	0.398881232191	0.415231564839	0.330753376886	0.262272976869
B.2004.08.S1.405610	0.375959978204	0.139683056735	0.125698688526	0.179834597065	0.106549806689	0.124278317252	0.0889801199027	0.0	0.415032804835	0.38333257505	0.377509607419	0.324394388387	0.349374988708	0.21749915699	0.347368833549	0.280647801429	0.28335479506	0.385694572782	0.40504836414	0.327855405107	0.301829799925	0.332642341974	0.321392841232	0.362993016593	0.411116002891	0.398484807987	0.381544805701	0.413996469497	0.416935648845	0.366401180524	0.342268299172	0.297967346872	0.321882431324	0.297080086995	0.370275257219	0.39734653873	0.472180579838	0.518438501838	0.651182438894	0.598918506139	0.530638555928	0.569370910954	0.445738212371	0.358686877911	0.378292331111	0.384068143671	0.455593642596	0.243543827199	0.309164107096	0.281842607376	0.356789893713	0.258757306783	0.375530396702	0.345049709437	0.323017944926	0.295010288008	0.329308186013	0.321829468665	0.280647007815	0.310757300843	0.274221133848	0.260224859807	0.237525822491	0.217175880674	0.406215457063	0.390902810265	0.397952083592	0.429433742945	0.335506674508	0.281036921116	0.292911736845	0.298703805372	0.30908384551	0.306033366629	0.273338357329	0.266855455884	0.39340414343	0.376333361126	0.285478585017	0.251673779168	0.214102720687	0.255029735925	0.27520429719	0.21286270736	0.226140318776	0.288318787585	0.498207900549	0.339501956751	0.393809905757	0.288652117227	0.243547819422	0.435743804374	0.453197230738	0.370684013117	0.280622601007
B.2005.01.S1.405588	0.630625007956	0.484728014551	0.419689039308	0.480150290153	0.437706015513	0.479719777982	0.366880975783	0.415032804835	0.0	0.103414749934	0.134387099745	0.180204289049	0.110512734146	0.347232812706	0.172929839896	0.220153254228	0.233471810413	0.178358288124	0.172016397849	0.466681996997	0.439861565302	0.51753116915	0.493694852102	0.568209290205	0.650320066937	0.613857778727	0.589763007653	0.224259049103	0.447814663248	0.491060363728	0.465827656449	0.337599251384	0.395247979453	0.399668361244	0.275347455518	0.528212016352	0.633127462363	0.177936330814	0.315399313246	0.266482020362	0.182582478193	0.231489703741	0.103562654508	0.13084749845	0.135153503393	0.210722502634	0.119631971568	0.35749479944	0.540805099118	0.512074499931	0.577341919965	0.367301779769	0.638848170689	0.605641272998	0.586691660827	0.506757023965	0.587224904606	0.209993817264	0.354320329096	0.288736739626	0.335033916607	0.404632620843	0.398613885746	0.379563641454	0.637507870895	0.618009934339	0.519438862063	0.229643948041	0.21238514943	0.292568172728	0.2867576683	0.353462252474	0.385842491667	0.331723267254	0.324624425628	0.278825593342	0.197144076491	0.184672558193	0.234249577513	0.314831334573	0.376491208259	0.465810243811	0.504702785457	0.378349922717	0.372919645053	0.383258477723	0.197642554708	0.231876561275	0.227349481706	0.368675526387	0.297631565466	0.181852140399	0.197780485944	0.206966973217	0.313389293936
B.2005.02.S1.405604	0.602945172687	0.457878299799	0.385417166977	0.452714389319	0.408346519129	0.442416359572	0.338587048188	0.38333257505	0.103414749934	0.0	0.0986882870792	0.146336804851	0.0720756631909	0.290938188312	0.131951873506	0.175757624566	0.173632311816	0.118355484011	0.14024901455	0.414050138184	0.374922074322	0.458041180287	0.438313588507	0.502069427564	0.586890890031	0.552139291191	0.52543012449	0.225929127835	0.444890687147	0.449056384077	0.422949014471	0.295403234672	0.355483034085	0.356749921867	0.232319933564	0.48459456929	0.586876049096	0.20755887388	0.365418881534	0.301297344631	0.214840055617	0.267124493656	0.143961025254	0.118945155338	0.134484689791	0.172638678002	0.156338025142	0.313142551484	0.487627966501	0.465345718553	0.532160734493	0.320084810221	0.591949284442	0.561234318936	0.539869703578	0.456382956718	0.535341318227	0.17677906902	0.31613592371	0.238170528798	0.284100453313	0.354569724323	0.347732541379	0.344014693643	0.579750139102	0.566766761338	0.467588011	0.242409286031	0.201298682259	0.255805994925	0.27587081191	0.347058837103	0.390870998746	0.336112310038	0.307282119331	0.237513989405	0.173020680735	0.157998009087	0.210863941189	0.278709511695	0.340377646431	0.431096660048	0.469258666921	0.34325443979	0.33662501866	0.342792247859	0.226679484381	0.195655443882	0.185518157732	0.323463754824	0.253392362339	0.161042973086	0.176760630031	0.169861395898	0.265231021485
B.2005.03.S1.405591	0.600860562299	0.448655421025	0.380307982171	0.439820755916	0.394887283748	0.433696276433	0.333667675073	0.377509607419	0.134387099745	0.0986882870792	0.0	0.0893613741848	0.0691058894424	0.296164541281	0.0938406317871	0.145195894978	0.1734054108	0.105268282972	0.136154287474	0.420606845085	0.385520300144	0.466891621913	0.442960063538	0.519397433225	0.596954930512	0.56638273994	0.542896877162	0.204206380444	0.441491045462	0.444751538005	0.420911375362	0.287987493708	0.347135519757	0.350279712996	0.211572090393	0.480058306028	0.586737484906	0.244081302505	0.38151851978	0.32788410842	0.248896892337	0.297068837314	0.164864854263	0.101405958767	0.177989134447	0.155147580335	0.170624932714	0.317985902992	0.488593610933	0.4608445467	0.534152051663	0.319144113419	0.585706143879	0.553797804795	0.539284357707	0.455318618385	0.533283919055	0.170315060468	0.312235847341	0.232552412461	0.277807024466	0.352245798651	0.344942411776	0.334857594406	0.586859965413	0.571804697766	0.475033406931	0.225123427327	0.187932119954	0.267729930876	0.265159031376	0.343166857648	0.380958419645	0.326264315588	0.303502332419	0.22243968348	0.146994205635	0.141771040699	0.194650969438	0.29046381062	0.345905901956	0.438627912887	0.471426817265	0.350692122848	0.340095111101	0.331798798031	0.227397330328	0.173982254141	0.175707496409	0.318974597527	0.248757735003	0.16816895078	0.182258879418	0.147223056093	0.264512482349
B.2005.04.S1.405545	0.548268258035	0.397723185627	0.331606740788	0.391041537421	0.347602863744	0.382380950194	0.282624631532	0.324394388387	0.180204289049	0.146336804851	0.0893613741848	0.0	0.0967453471814	0.240023382484	0.0688199492079	0.093073477904	0.105188516822	0.128187773167	0.184818605807	0.356551548487	0.330467510289	0.413178471043	0.38671910689	0.465994155206	0.538732909089	0.507935821668	0.484339007201	0.193348176507	0.42267216386	0.39330195998	0.370285383934	0.239992136649	0.294345250632	0.295399745771	0.182105864128	0.432921790988	0.540457626239	0.294093452596	0.437993326961	0.377882982678	0.297959047178	0.347333545946	0.213506771924	0.145106678968	0.223911921062	0.165008481816	0.224966098943	0.264403861957	0.435309998084	0.406140965703	0.48278542559	0.266111012886	0.529273649015	0.491640317394	0.485005183675	0.40675104831	0.483633167106	0.145290670352	0.284205189006	0.203730970538	0.228578128611	0.307864791969	0.289227346326	0.285685687805	0.536842446924	0.521134463685	0.439667859386	0.254015851035	0.199385579856	0.236463833732	0.249731751874	0.326752108565	0.366187245553	0.312500457708	0.280254920128	0.171894048101	0.171144384289	0.15850350165	0.146582052036	0.240094212821	0.294958017176	0.380096749185	0.414578314839	0.296836903769	0.285186204498	0.270080472115	0.281727891707	0.12525412467	0.168271784285	0.256899601245	0.199044852071	0.220356094945	0.231798365715	0.136987270968	0.218853021673
B.2005.05.S1.405611	0.574344767652	0.426252391424	0.358162846296	0.421998308186	0.376142787729	0.408658659643	0.307065629692	0.349374988708	0.110512734146	0.0720756631909	0.0691058894424	0.0967453471814	0.0	0.261300757802	0.0866158409048	0.133703514835	0.141357357993	0.109089735568	0.144574643916	0.401661941648	0.368980507894	0.445368634066	0.420158170489	0.497479631685	0.572997726444	0.54371978943	0.520353724178	0.201685522512	0.421112280265	0.41608481238	0.393181505832	0.26619109159	0.321506460286	0.322825462859	0.207595157905	0.457917422244	0.568415928727	0.23844486729	0.392457268017	0.328515446845	0.241876197904	0.29297687879	0.159108968604	0.105147204404	0.151986063749	0.148202953308	0.178516713867	0.287037034999	0.46377136566	0.434694448858	0.5090944417	0.291782416883	0.557167804268	0.524252123162	0.509001299119	0.434463023374	0.511303062358	0.146776542138	0.289830826671	0.213505503797	0.256027029649	0.335313850309	0.326328469979	0.315250248643	0.564507556032	0.548519991947	0.452231893817	0.229036083536	0.18053196909	0.250320115723	0.24846990338	0.324243248849	0.365713068381	0.311109525761	0.285527070781	0.217584574569	0.139923852902	0.141583266876	0.182041487342	0.26409900308	0.319047130157	0.408869522075	0.442160144927	0.321049751309	0.31146958063	0.314880460162	0.238398246369	0.16622754311	0.169629539052	0.298423673535	0.231347887907	0.175398065165	0.187562780521	0.146625232653	0.249149541517
B.2005.06.S1.405537	0.407312442379	0.249603499801	0.204156593655	0.24527873384	0.22555545759	0.223404652544	0.248028212948	0.21749915699	0.347232812706	0.290938188312	0.296164541281	0.240023382484	0.261300757802	0.0	0.263792647084	0.175647815808	0.196043816711	0.288115391953	0.367646913865	0.289402667275	0.255011328367	0.297891185668	0.288685917505	0.341914033159	0.392990876456	0.376678502595	0.354730487135	0.349062781174	0.355917568856	0.322376128687	0.300438833415	0.245002678094	0.256725463728	0.238840818503	0.31383824073	0.347507938176	0.446336188366	0.455666879272	0.611610870567	0.546601672394	0.461548586081	0.50818201939	0.379749528587	0.305349639956	0.32067331681	0.334393863702	0.406690566271	0.240281184385	0.253423987627	0.271977785808	0.358612135738	0.226715417969	0.361996584072	0.324874837164	0.317866491099	0.26699531797	0.310310702497	0.271911920142	0.23917354652	0.248493263594	0.205591626971	0.194047046189	0.156888728711	0.179238894464	0.373991683553	0.353487779883	0.360208924552	0.391909990252	0.318511135582	0.290930307025	0.28267499093	0.30045235314	0.318158663695	0.315991795531	0.288510935228	0.228951064672	0.349690504283	0.335682713527	0.249117629811	0.244568172831	0.206000574951	0.239056140265	0.273924611743	0.21314585522	0.196054183525	0.18874811016	0.437026615893	0.273523865483	0.322881298406	0.194651335822	0.185797667224	0.380787778479	0.393020954922	0.305935625535	0.219174703081
B.2005.07.S1.405586	0.570096865772	0.425515890022	0.355333230034	0.420608185625	0.374447261941	0.406320275675	0.306371148461	0.347368833549	0.172929839896	0.131951873506	0.0938406317871	0.0688199492079	0.0866158409048	0.263792647084	0.0	0.118499801723	0.116472504245	0.120794467805	0.157685236417	0.382844027458	0.356640608842	0.438037246277	0.412193556804	0.486569188319	0.561044219331	0.529751912948	0.506857215842	0.201250384797	0.442294663159	0.413821462468	0.391248554153	0.260791818595	0.315419897946	0.318874749873	0.197161763021	0.455204800285	0.562125220567	0.277987232559	0.417700953508	0.350967587416	0.278271124779	0.317888136305	0.181158451285	0.139605831674	0.210475472361	0.137501436161	0.199635122355	0.285681997304	0.459568013829	0.428734755371	0.503657356787	0.287174449081	0.55079696371	0.512258580502	0.503727935439	0.43184944474	0.508629688285	0.154018759471	0.304243123607	0.22511169976	0.251949009255	0.33314590131	0.314633040318	0.31329208411	0.554737032856	0.543086174653	0.455020336414	0.258442778916	0.212658792876	0.247310147376	0.270025531915	0.34603933881	0.390541557429	0.332426982877	0.300942623897	0.175244562064	0.141869876987	0.14651471253	0.160461381857	0.252500917778	0.305682144975	0.391787829005	0.427629384648	0.307321041932	0.299240009225	0.301436344211	0.261887278866	0.142773183388	0.162087532699	0.28832392757	0.225656973626	0.20655532965	0.212654311895	0.120949309206	0.245130590587
B.2005.08.S1.405559	0.515206574709	0.360073155194	0.295955704265	0.354350426674	0.312503545536	0.33916428522	0.240986854059	0.280647801429	0.220153254228	0.175757624566	0.145195894978	0.093073477904	0.133703514835	0.175647815808	0.118499801723	0.0	0.0901123661534	0.16343712682	0.230617536927	0.339962708344	0.303130287133	0.385816033508	0.363947672632	0.436110734237	0.513047095752	0.481749818916	0.455841513996	0.218829812781	0.386889788453	0.354174350748	0.33275321074	0.219500823204	0.257352269766	0.24966903676	0.188549817938	0.406291205943	0.516001848398	0.335078660217	0.48448304341	0.4190229729	0.337226928126	0.386917488753	0.253534834391	0.175043597795	0.256749269593	0.202819854575	0.271431566606	0.216258266991	0.371651552188	0.355707648392	0.43543959341	0.212939116022	0.478097864982	0.448949026523	0.432775281042	0.352312742282	0.430028967345	0.19102092761	0.249974876282	0.168898681784	0.190141275344	0.259575847358	0.250717350122	0.236578269644	0.487198178964	0.470057613136	0.407085306777	0.278382933841	0.233951584222	0.267079684598	0.26030595006	0.309772004079	0.340098540808	0.299303333998	0.27046317143	0.145720274839	0.210519249912	0.199436336457	0.147218685212	0.20996120041	0.26089807743	0.35321454286	0.383392179732	0.264481216919	0.252983866745	0.241883046298	0.311132114554	0.142162841622	0.207357972832	0.220851522884	0.154032279266	0.257479556394	0.269053543253	0.169527748255	0.172207012454
B.2005.09.S1.405592	0.498141741571	0.359408612873	0.291016359884	0.354668140292	0.309334393821	0.341320470887	0.256971711153	0.28335479506	0.233471810413	0.173632311816	0.1734054108	0.105188516822	0.141357357993	0.196043816711	0.116472504245	0.0901123661534	0.0	0.191617906937	0.245908445934	0.311988270706	0.282603600683	0.365447386606	0.340593952375	0.412376749477	0.486133294248	0.452711394918	0.427942699434	0.258202776364	0.410439497962	0.372322948837	0.346640297466	0.224035460579	0.282888680767	0.260276948322	0.201992136569	0.422129560816	0.527918238044	0.344208915194	0.497703197008	0.434422103868	0.355048443125	0.402623144237	0.271509643981	0.214103171769	0.255109595036	0.223585018776	0.283954311215	0.229951396789	0.389681167615	0.358785798474	0.450264847763	0.226212136339	0.477345433075	0.438673766619	0.431344696082	0.364073645102	0.438461703198	0.1806515605	0.272181132642	0.193218025201	0.215176082044	0.272217185756	0.243800011134	0.245162028466	0.481279324653	0.474415177272	0.423182850736	0.306847299151	0.24672566909	0.249978220082	0.261828604971	0.317711271154	0.361307286442	0.305443219551	0.271023526722	0.139669727348	0.230108874942	0.209692911209	0.154944044722	0.18579912913	0.232116206022	0.317813846666	0.356179838095	0.236495541136	0.23000374842	0.231125664133	0.346499251953	0.153525359328	0.233243122503	0.220434485048	0.159396969572	0.28441334335	0.295979502045	0.205910977055	0.188304063198
B.2005.10.S1.405573	0.599980199726	0.456395964362	0.36109449897	0.44957004937	0.407591219768	0.443494104754	0.341057736823	0.385694572782	0.178358288124	0.118355484011	0.105268282972	0.128187773167	0.109089735568	0.288115391953	0.120794467805	0.16343712682	0.191617906937	0.0	0.168154702577	0.377682749383	0.389560539221	0.427021078354	0.402935402975	0.515328894667	0.569032621793	0.554541235875	0.539272781462	0.225627272864	0.459887801491	0.420134799005	0.394293148458	0.294168862002	0.316797557552	0.321303549801	0.182564836664	0.457597444284	0.569056258304	0.224791619593	0.362265283111	0.300150402727	0.259247179166	0.273037408416	0.194312816433	0.149351543083	0.16844481186	0.153287802722	0.204096508138	0.309095282626	0.468655161752	0.462383516672	0.527937504739	0.278383155318	0.58287144641	0.55507795861	0.53510672499	0.424819183783	0.528152943671	0.186087917735	0.296442749773	0.205709974297	0.260977887732	0.345411726816	0.30858847187	0.307668803787	0.560846486114	0.537829004452	0.452722120182	0.232233928943	0.191854302199	0.254603439051	0.284695799621	0.356256912915	0.390118535208	0.349588880537	0.318761295933	0.223654980009	0.170616617744	0.164081111152	0.204173699468	0.251926034591	0.331719915563	0.436694808593	0.473677714661	0.350775162299	0.342376159088	0.347785195661	0.215371747601	0.190729258705	0.141035391534	0.284475397808	0.257316910772	0.154249313154	0.167392740913	0.155194369308	0.234563916749
B.2006.01.S1.405568	0.621453718185	0.482941266003	0.411516298482	0.468814271983	0.438713972367	0.463107561456	0.355878855161	0.40504836414	0.172016397849	0.14024901455	0.136154287474	0.184818605807	0.144574643916	0.367646913865	0.157685236417	0.230617536927	0.245908445934	0.168154702577	0.0	0.412514214646	0.377541373924	0.444927459561	0.425417210482	0.497247390637	0.577803329745	0.550746983902	0.52499923789	0.222434263957	0.462361958338	0.479684871533	0.4519488637	0.320089878836	0.380875846994	0.38578677836	0.241548661972	0.510626473989	0.613073350574	0.241546815435	0.348556549615	0.292725132256	0.25200280496	0.26673408505	0.148605447573	0.118227505506	0.179926430538	0.151954575509	0.146451796253	0.33637590748	0.522220617835	0.494097056884	0.558663357899	0.349688071395	0.621846665338	0.588564234543	0.566141644082	0.488479309208	0.56791077392	0.21293430183	0.360810371014	0.288088727126	0.330898329528	0.403411488409	0.394286068152	0.388704201557	0.623490216891	0.607242680297	0.499256205151	0.228272323269	0.20697940091	0.275680104408	0.280377479496	0.35373119745	0.397930033137	0.34031799784	0.323058499147	0.231364661906	0.134427802984	0.125227505702	0.221039059176	0.308548994392	0.367606490874	0.459166140249	0.493628176821	0.368420875093	0.361166571873	0.370246736298	0.214858216567	0.207314392511	0.198628210418	0.350766618664	0.279177023901	0.17349477188	0.162605923733	0.147306000571	0.296086757793
B.2006.02.S1.405606	0.369109243751	0.271551881793	0.253756214493	0.237785378658	0.310871530424	0.251671545209	0.36494994798	0.327855405107	0.466681996997	0.414050138184	0.420606845085	0.356551548487	0.401661941648	0.289402667275	0.382844027458	0.339962708344	0.311988270706	0.377682749383	0.412514214646	0.0	0.115241974917	0.176472946109	0.155514826298	0.242359089152	0.299278111089	0.278210334765	0.24466473594	0.475195778498	0.432597179494	0.33935307882	0.317340445287	0.346396671295	0.309773023753	0.291435373361	0.380762731873	0.387985536702	0.491673268863	0.5099441217	0.641344010445	0.588101072392	0.555134106922	0.564044380299	0.486277561486	0.421551733095	0.442943518051	0.423453038395	0.490277254495	0.319515323361	0.31557794473	0.32760957655	0.415366265095	0.301815725705	0.382699362003	0.350192182375	0.344250721796	0.306943465978	0.357693822434	0.402750405632	0.370137882093	0.383821642731	0.361085064242	0.326674332966	0.283652572399	0.310169865958	0.392272443261	0.389792749308	0.389624332113	0.472620279669	0.365687440712	0.357142149951	0.40784581498	0.39310909421	0.42123188098	0.412975996361	0.370393955963	0.299511015864	0.435866824726	0.406939895218	0.32623669059	0.265552412941	0.248763299468	0.226402780456	0.256474368539	0.251767347665	0.232460541779	0.272756547781	0.50082439519	0.358825815627	0.388099372298	0.265912827928	0.314080646161	0.437371479803	0.44879904485	0.412043904913	0.334428496463
B.2006.03.S1.405589	0.352651713957	0.248765594925	0.256379666607	0.213357219086	0.287838469665	0.225036292897	0.335194164961	0.301829799925	0.439861565302	0.374922074322	0.385520300144	0.330467510289	0.368980507894	0.255011328367	0.356640608842	0.303130287133	0.282603600683	0.389560539221	0.377541373924	0.115241974917	0.0	0.180399126765	0.1673967055	0.185789543896	0.295140910253	0.249876117929	0.206154489444	0.451977628739	0.403246464487	0.346198086545	0.324383144382	0.317756367143	0.325862053812	0.301653272783	0.399249876663	0.388365547504	0.481695749864	0.529804882677	0.665184097497	0.614946154872	0.543762826275	0.589464341298	0.45579526879	0.391113165002	0.443695936223	0.408733591506	0.45739150161	0.29560065958	0.286567478772	0.301606489299	0.398422819547	0.309561831911	0.369038452579	0.331706435712	0.326206683753	0.305426301998	0.325531193035	0.382420584611	0.365024364785	0.377324882332	0.343844803026	0.29183220985	0.278984779275	0.301251201217	0.365189509396	0.375113915542	0.3650023627	0.472757228378	0.364462990486	0.33968341135	0.383807730707	0.375605669815	0.408369454985	0.382001826	0.340601003868	0.279270260804	0.41666077599	0.387422547997	0.309041575565	0.269795721332	0.236421347314	0.209783276329	0.238994183792	0.226761262882	0.209287242833	0.252484016131	0.533854120558	0.34484528199	0.42555518415	0.29650750003	0.286428985808	0.467831468039	0.483608414265	0.391054383099	0.348379529001
B.2006.04.S1.405572	0.327670610236	0.277428318729	0.256509396054	0.231194642223	0.323354297526	0.257330076672	0.370948498629	0.332642341974	0.51753116915	0.458041180287	0.466891621913	0.413178471043	0.445368634066	0.297891185668	0.438037246277	0.385816033508	0.365447386606	0.427021078354	0.444927459561	0.176472946109	0.180399126765	0.0	0.0595598449339	0.146212200633	0.172096919609	0.181053410035	0.19707735288	0.522263204149	0.448649306673	0.322739919534	0.3246944166	0.386116929668	0.358188087919	0.333701049794	0.433642954931	0.34803687593	0.426597023531	0.568685199155	0.710543477593	0.651389529292	0.609294634209	0.623969234525	0.537385503147	0.47201247407	0.456033273959	0.474391888757	0.546594652302	0.335316090068	0.266740446751	0.288856216765	0.359907193771	0.343306946789	0.325415446131	0.298509319844	0.288433074721	0.265454944461	0.282630902488	0.419680468848	0.374323295579	0.384295623583	0.369039930883	0.329683593221	0.288787726466	0.312008743933	0.327682221866	0.317300983941	0.348168455833	0.514109143845	0.416775625394	0.373648034898	0.416591415813	0.404857537259	0.431595776452	0.426563117217	0.385833525831	0.357515503262	0.490902903384	0.464271322115	0.380129160025	0.312457988598	0.266256052833	0.227678672302	0.242326642415	0.268933678645	0.25605041488	0.326104195242	0.566824329676	0.424669411883	0.45711500484	0.326964153382	0.348527084089	0.500480898304	0.514063226496	0.467614416564	0.351718633803
B.2006.05.S1.405597	0.352310929311	0.273229449937	0.246799460732	0.230524753798	0.308419663792	0.254231224624	0.358139872696	0.321392841232	0.493694852102	0.438313588507	0.442960063538	0.38671910689	0.420158170489	0.288685917505	0.412193556804	0.363947672632	0.340593952375	0.402935402975	0.425417210482	0.155514826298	0.1673967055	0.0595598449339	0.0	0.171838000483	0.202192808264	0.208351515505	0.222480034728	0.496034040237	0.424320208982	0.302841844961	0.303391901972	0.362020689235	0.33417843427	0.309392854198	0.408483735942	0.351373085586	0.440223602176	0.545869497222	0.684174353521	0.626104174369	0.584755433609	0.598502861173	0.514377863076	0.449711943707	0.442521088261	0.454782886732	0.523531973711	0.314063759449	0.283155113921	0.283925618028	0.370133596526	0.317877865088	0.350540123775	0.321033096318	0.312367541377	0.25749373685	0.310522186885	0.40239843353	0.360314304845	0.369138681074	0.352784331325	0.315078312963	0.272450069654	0.297476930091	0.355120430043	0.341192146467	0.34614709451	0.4893108213	0.39286072336	0.356943627496	0.399554449683	0.38688581408	0.413761447246	0.407027038094	0.367349834235	0.335942115099	0.467049076414	0.442322849572	0.35759220347	0.290779032878	0.256967096601	0.234152480624	0.251415910559	0.256524107292	0.237662202395	0.308471544555	0.540127089153	0.399759589457	0.431523838936	0.301996703801	0.325878331281	0.475442407324	0.489010010422	0.445258826171	0.338184018552
B.2006.06.S1.405542	0.295019353808	0.308156013673	0.326238853815	0.253561696197	0.344648673731	0.289593622018	0.404737708585	0.362993016593	0.568209290205	0.502069427564	0.519397433225	0.465994155206	0.497479631685	0.341914033159	0.486569188319	0.436110734237	0.412376749477	0.515328894667	0.497247390637	0.242359089152	0.185789543896	0.146212200633	0.171838000483	0.0	0.16647249461	0.114546515466	0.101031682845	0.576694086605	0.504726836291	0.412495433577	0.412901758314	0.444353950932	0.448182905725	0.423985596376	0.522143643697	0.419113851028	0.439522564938	0.650779231268	0.791660730163	0.734600151199	0.667418262317	0.70970249062	0.585797066906	0.524826032946	0.530009224437	0.536435841834	0.592946205806	0.393921859207	0.293288657825	0.314377945121	0.383359250347	0.42211792841	0.309192210288	0.271827382806	0.274245407546	0.328074778741	0.265805686038	0.475122748122	0.451333153621	0.471685056319	0.432983878431	0.377892989898	0.36507556202	0.387436154492	0.314658967175	0.328391473919	0.404836763666	0.59319080279	0.494795627373	0.425145633787	0.468950256121	0.459725806652	0.49288140555	0.473829107792	0.42581094697	0.408252030148	0.545677249785	0.517265698461	0.436456973753	0.392989953271	0.332301333338	0.260975067392	0.259515659664	0.32434874621	0.314440899077	0.361328241681	0.6498780515	0.471348284909	0.546277152447	0.415312235254	0.394576605973	0.585018153599	0.600705419586	0.519199744386	0.43699647815
B.2006.07.S1.405582	0.309246421291	0.341049744592	0.364326763159	0.30098979861	0.394079021069	0.328426535216	0.459215691221	0.411116002891	0.650320066937	0.586890890031	0.596954930512	0.538732909089	0.572997726444	0.392990876456	0.561044219331	0.513047095752	0.486133294248	0.569032621793	0.577803329745	0.299278111089	0.295140910253	0.172096919609	0.202192808264	0.16647249461	0.0	0.137432849015	0.180837282834	0.650714876883	0.575494620329	0.456944755724	0.459792412322	0.512029553974	0.493886731792	0.468779675107	0.568524015281	0.453756222941	0.425415198817	0.708245086027	0.855450417347	0.795444358474	0.741313192339	0.76672765213	0.665655891596	0.603220070773	0.575732649544	0.601553972807	0.678174969131	0.461286908512	0.349775358062	0.383626781015	0.413980951275	0.475403438248	0.277058844511	0.273824848428	0.287085412991	0.373682583592	0.278847030457	0.540064946993	0.497467682632	0.517103738801	0.48776377153	0.439204681095	0.398113586273	0.411817369401	0.285475663009	0.314493962816	0.465200215178	0.652863716304	0.555618983627	0.495115658691	0.533048066471	0.521124124219	0.5335262286	0.538619493707	0.501959897921	0.481544496757	0.616913872716	0.589996163964	0.506601114611	0.443654326174	0.3921256717	0.302881825027	0.279098588508	0.390587635778	0.380884496171	0.443118504197	0.704815160543	0.546677429551	0.590894255948	0.459569049678	0.473482616195	0.639204676529	0.652574075214	0.592388952626	0.48477815961
B.2006.08.S1.405615	0.306315719566	0.337793556493	0.355741054309	0.293343578181	0.383952593232	0.322186583281	0.439859150503	0.398484807987	0.613857778727	0.552139291191	0.56638273994	0.507935821668	0.54371978943	0.376678502595	0.529751912948	0.481749818916	0.452711394918	0.554541235875	0.550746983902	0.278210334765	0.249876117929	0.181053410035	0.208351515505	0.114546515466	0.137432849015	0.0	0.122124626138	0.624466438962	0.551914322069	0.450969144562	0.4514389192	0.489444670565	0.486086404458	0.46121017316	0.560864603441	0.449664071704	0.445076201391	0.692511178257	0.832234452597	0.776003975175	0.709147499188	0.749786122805	0.633885193075	0.57392289121	0.565534736102	0.563050690715	0.643317361362	0.428841060535	0.312846870811	0.360422348261	0.417328005851	0.468111694529	0.293865198761	0.279232731933	0.297547828093	0.368051014542	0.288172787319	0.511239817227	0.483834917633	0.509885371829	0.465159965538	0.414916224547	0.389803554665	0.409638731591	0.300866121579	0.3208222525	0.43999165144	0.632647732141	0.533461654104	0.466004982558	0.502902775634	0.485386195808	0.526785706559	0.509307032626	0.469314943302	0.450586176265	0.586021408305	0.557743380421	0.476463603976	0.430419258229	0.355047539884	0.286174809058	0.276045092007	0.363296844659	0.351735007936	0.405705803583	0.68869679809	0.513231949991	0.580718491934	0.450548196017	0.445313504737	0.625840860912	0.63911472148	0.566308537228	0.475258441882
