#SampleID	CD	control	IC	UC
100001.1247426	0.574	0.046	0.058	0.322
100003.1246884	0.498	0.082	0.058	0.362
100009.1247231	0.42	0.186	0.064	0.33
100015.1247049	0.44	0.076	0.098	0.386
100016.1247155	0.444	0.124	0.064	0.368
100043.1246460	0.582	0.044	0.054	0.32
100046.1246388	0.598	0.064	0.058	0.28
100047.1246185	0.462	0.07	0.08	0.388
100048.1246661	0.402	0.142	0.078	0.378
100049.1247075	0.584	0.134	0.028	0.254
100051.1247218	0.51	0.104	0.06	0.326
100052.1246453	0.558	0.058	0.052	0.332
100058.1247305	0.692	0.028	0.044	0.236
100060.1247170	0.514	0.11	0.07	0.306
100062.1246762	0.462	0.106	0.096	0.336
100065.1246135	0.52	0.072	0.042	0.366
100068.1246376	0.408	0.104	0.058	0.43
100070.1246721	0.626	0.094	0.092	0.188
100071.1247048	0.498	0.09	0.048	0.364
100072.1246982	0.49	0.076	0.042	0.392
100074.1247405	0.464	0.142	0.066	0.328
100075.1246833	0.778	0.052	0.018	0.152
100077.1246422	0.512	0.088	0.048	0.352
100078.1246603	0.312	0.166	0.08	0.442
100080.1246540	0.44	0.128	0.058	0.374
100083.1246311	0.442	0.122	0.076	0.36
100085.1246334	0.43	0.108	0.06	0.402
100086.1247268	0.36	0.164	0.066	0.41
100087.1246709	0.396	0.094	0.092	0.418
100088.1246120	0.52	0.136	0.052	0.292
100089.1247168	0.384	0.238	0.052	0.326
100090.1246912	0.492	0.102	0.062	0.344
100091.1247210	0.406	0.06	0.076	0.458
100092.1247222	0.396	0.144	0.024	0.436
100095.1246168	0.528	0.086	0.062	0.324
100096.1247401	0.442	0.074	0.078	0.406
100099.1247449	0.492	0.122	0.052	0.334
100100.1246674	0.822	0.036	0.016	0.126
100101.1247239	0.442	0.112	0.062	0.384
100102.1246796	0.506	0.034	0.118	0.342
100104.1247040	0.602	0.086	0.066	0.246
100105.1247327	0.386	0.122	0.074	0.418
100106.1246858	0.51	0.104	0.044	0.342
100107.1246180	0.34	0.164	0.048	0.448
100109.1247329	0.492	0.122	0.046	0.34
100115.1246245	0.892	0.036	0.012	0.06
100117.1247242	0.598	0.11	0.06	0.232
100128.1246258	0.56	0.084	0.054	0.302
100158.1246456	0.374	0.142	0.066	0.418
100160.1246616	0.782	0.01	0.034	0.174
100161.1246172	0.33	0.146	0.07	0.454
100162.1247353	0.492	0.06	0.116	0.332
100163.1246125	0.624	0.074	0.052	0.25
100176.1246432	0.706	0.056	0.026	0.212
100177.1246647	0.66	0.056	0.064	0.22
100178.1246691	0.446	0.136	0.04	0.378
100180.1246973	0.756	0.052	0.044	0.148
100181.1246841	0.516	0.164	0.07	0.25
100182.1247008	0.564	0.102	0.09	0.244
100183.1246704	0.498	0.106	0.07	0.326
100187.1246918	0.884	0.002	0.002	0.112
100188.1247093	0.532	0.13	0.068	0.27
100190.1246494	0.552	0.08	0.052	0.316
100191.1246961	0.434	0.118	0.078	0.37
100192.1247106	0.692	0.068	0.034	0.206
100195.1247038	0.558	0.096	0.068	0.278
100196.1246487	0.564	0.09	0.042	0.304
100197.1246801	0.436	0.172	0.07	0.322
100198.1246877	0.598	0.098	0.054	0.25
100200.1246541	0.474	0.208	0.034	0.284
100203.1246754	0.532	0.116	0.068	0.284
100204.1247092	0.764	0.022	0.008	0.206
100205.1246838	0.59	0.128	0.046	0.236
100206.1246938	0.698	0.05	0.026	0.226
100207.1247256	0.452	0.174	0.054	0.32
100209.1247393	0.586	0.058	0.076	0.28
100210.1247298	0.61	0.174	0.038	0.178
100211.1246832	0.702	0.048	0.012	0.238
100212.1247085	0.36	0.086	0.07	0.484
100214.1246953	0.474	0.044	0.128	0.354
100216.1246217	0.64	0.082	0.076	0.202
100217.1246514	0.602	0.09	0.054	0.254
100219.1247117	0.52	0.112	0.068	0.3
100220.1247083	0.526	0.144	0.044	0.286
100222.1247291	0.414	0.19	0.07	0.326
100225.1246548	0.7	0.06	0.022	0.218
100226.1246263	0.408	0.186	0.062	0.344
100227.1246626	0.63	0.056	0.066	0.248
100228.1246589	0.588	0.074	0.022	0.316
100233.1246246	0.64	0.108	0.038	0.214
100234.1246324	0.47	0.07	0.062	0.398
120153.1246821	0.426	0.124	0.046	0.404
120155.1246996	0.566	0.138	0.076	0.22
120156.1246895	0.512	0.188	0.082	0.218
120157.1246601	0.602	0.08	0.046	0.272
121154.1246277	0.418	0.2	0.064	0.318
121181.1246741	0.654	0.056	0.058	0.232
121182.1246215	0.408	0.156	0.06	0.376
121183.1246254	0.656	0.062	0.064	0.218
121185.1247360	0.876	0.024	0.008	0.092
121186.1246365	0.544	0.114	0.054	0.288
121187.1246148	0.906	0.046	0.002	0.046
121188.1247234	0.652	0.114	0.024	0.21
121189.1247011	0.566	0.08	0.03	0.324
121190.1246356	0.476	0.164	0.06	0.3
121192.1247127	0.786	0.05	0.026	0.138
121193.1247063	0.586	0.142	0.06	0.212
121194.1246890	0.596	0.052	0.062	0.29
121195.1246166	0.716	0.056	0.026	0.202
121196.1247031	0.584	0.052	0.096	0.268
121197.1247171	0.64	0.072	0.048	0.24
121198.1246569	0.802	0.016	0.032	0.15
121199.1246159	0.718	0.04	0.024	0.218
121200.1246461	0.648	0.072	0.074	0.206
121201.1247061	0.744	0.048	0.046	0.162
121212.1246767	0.846	0.036	0.03	0.088
121213.1246142	0.622	0.118	0.042	0.218
121215.1247158	0.628	0.066	0.05	0.256
121216.1247056	0.664	0.082	0.05	0.204
121217.1246974	0.848	0.014	0.024	0.114
121218.1246965	0.638	0.076	0.032	0.254
121219.1247140	0.72	0.058	0.022	0.2
121279.1246886	0.432	0.138	0.078	0.352
121280.1246751	0.812	0.032	0.036	0.12
121281.1246713	0.866	0.03	0.02	0.084
121282.1246224	0.642	0.102	0.044	0.212
121283.1246600	0.582	0.144	0.058	0.216
121284.1246668	0.466	0.118	0.078	0.338
121285.1246733	0.736	0.062	0.01	0.192
121307.1246550	0.604	0.072	0.058	0.266
121308.1246337	0.59	0.208	0.07	0.132
121309.1246542	0.434	0.25	0.064	0.252
121310.1247096	0.568	0.064	0.08	0.288
121311.1246878	0.89	0.056	0.012	0.042
121312.1246929	0.866	0.026	0.008	0.1
121313.1246613	0.644	0.058	0.034	0.264
121314.1247259	0.95	0.012	0.002	0.036
121385.1246584	0.582	0.07	0.044	0.304
121386.1246649	0.77	0.042	0.016	0.172
121387.1247113	0.758	0.04	0.052	0.15
121388.1246171	0.826	0.03	0.018	0.126
121389.1246126	0.59	0.084	0.052	0.274
121398.1247197	0.454	0.088	0.068	0.39
121400.1246372	0.522	0.112	0.042	0.324
121401.1247192	0.514	0.15	0.056	0.28
121402.1247186	0.638	0.052	0.06	0.25
121403.1247087	0.514	0.18	0.044	0.262
121404.1246695	0.786	0.018	0.014	0.182
121405.1246611	0.66	0.11	0.042	0.188
121420.1247325	0.914	0.014	0.002	0.07
121421.1246406	0.858	0.036	0.02	0.086
121422.1246561	0.728	0.028	0.042	0.202
121423.1246854	0.668	0.098	0.052	0.182
121444.1246866	0.654	0.098	0.054	0.194
121445.1247271	0.728	0.062	0.05	0.16
121446.1246612	0.514	0.068	0.044	0.374
121447.1246283	0.64	0.09	0.046	0.224
121448.1246595	0.552	0.12	0.046	0.282
121449.1246322	0.664	0.052	0.062	0.222
121450.1246156	0.564	0.082	0.044	0.31
121451.1246659	0.878	0.022	0.026	0.074
121452.1247003	0.822	0.012	0.008	0.158
121454.1246786	0.628	0.09	0.06	0.222
121455.1246836	0.518	0.158	0.056	0.268
121457.1247318	0.478	0.038	0.048	0.436
121461.1247420	0.526	0.18	0.066	0.228
121463.1246219	0.672	0.036	0.028	0.264
121464.1246138	0.678	0.04	0.074	0.208
121465.1246414	0.67	0.082	0.06	0.188
121466.1247362	0.66	0.052	0.076	0.212
121467.1246327	0.756	0.05	0.02	0.174
121469.1246137	0.57	0.082	0.06	0.288
121470.1246944	0.386	0.096	0.076	0.442
121471.1246191	0.676	0.032	0.036	0.256
121473.1247472	0.85	0.036	0.02	0.094
121474.1246486	0.784	0.04	0.02	0.156
121475.1246242	0.748	0.062	0.026	0.164
121476.1246989	0.668	0.114	0.046	0.172
121477.1246644	0.9	0.034	0.016	0.05
121478.1246295	0.63	0.058	0.062	0.25
121479.1247255	0.812	0.104	0.012	0.072
121480.1247162	0.792	0.056	0.034	0.118
121482.1247262	0.468	0.146	0.054	0.332
121488.1246443	0.604	0.07	0.052	0.274
121492.1246983	0.926	0.016	0.018	0.04
121493.1247335	0.864	0.014	0.026	0.096
121495.1246143	0.516	0.206	0.06	0.218
121496.1246759	0.73	0.05	0.036	0.184
121497.1246842	0.948	0.01	0.004	0.038
121498.1246290	0.482	0.08	0.074	0.364
121499.1247002	0.474	0.102	0.03	0.394
121501.1246321	0.736	0.038	0.03	0.196
121502.1246527	0.746	0.098	0.032	0.124
121503.1247118	0.686	0.104	0.05	0.16
121952.1246340	0.606	0.094	0.044	0.256
121952.1246685	0.344	0.008	0.002	0.646
121953.1246966	0.584	0.09	0.056	0.27
121953.1247287	0.352	0.014	0.006	0.628
121954.1247208	0.314	0.018	0.006	0.662
121954.1247408	0.436	0.118	0.062	0.384
121959.1246402	0.33	0.036	0.014	0.62
121959.1247341	0.506	0.112	0.036	0.346
121968.1247455	0.604	0.068	0.048	0.28
121969.1247036	0.438	0.12	0.032	0.41
121971.1246158	0.506	0.11	0.028	0.356
121976.1247220	0.628	0.118	0.108	0.146
121977.1246232	0.404	0.138	0.05	0.408
121978.1247445	0.424	0.21	0.04	0.326
121979.1246433	0.528	0.128	0.052	0.292
121980.1246352	0.48	0.096	0.082	0.342
121980.1247090	0.524	0.112	0.08	0.284
121982.1246173	0.698	0.102	0.052	0.148
121983.1246348	0.45	0.116	0.036	0.398
122001.1246615	0.47	0.096	0.046	0.388
122004.1246297	0.662	0.052	0.016	0.27
122004.1246853	0.64	0.02	0.04	0.3
122006.1246809	0.486	0.094	0.034	0.386
122007.1247027	0.648	0.094	0.046	0.212
122009.1246667	0.728	0.106	0.02	0.146
122010.1246652	0.608	0.062	0.046	0.284
122010.1247187	0.762	0.016	0.024	0.198
122011.1246363	0.358	0.158	0.036	0.448
122032.1246450	0.546	0.156	0.064	0.234
122034.1246359	0.622	0.078	0.028	0.272
122034.1246771	0.548	0.06	0.046	0.346
122037.1247454	0.538	0.11	0.124	0.228
122038.1247249	0.438	0.104	0.036	0.422
122039.1246202	0.646	0.112	0.048	0.194
122039.1247121	0.448	0.162	0.03	0.36
122049.1246753	0.702	0.124	0.034	0.14
122050.1246161	0.588	0.088	0.036	0.288
122053.1246378	0.978	0.004	0.016	0.002
122053.1247029	0.362	0.194	0.054	0.39
122057.1246165	0.554	0.118	0.02	0.308
122057.1246885	0.356	0.164	0.046	0.434
122058.1246184	0.468	0.138	0.038	0.356
122059.1246857	0.468	0.112	0.072	0.348
122060.1246740	0.46	0.116	0.088	0.336
122061.1246318	0.45	0.074	0.08	0.396
122061.1247260	0.432	0.094	0.048	0.426
122062.1247307	0.468	0.102	0.194	0.236
122063.1246844	0.446	0.154	0.024	0.376
122072.1246419	0.606	0.042	0.044	0.308
122074.1246793	0.568	0.13	0.04	0.262
122075.1246458	0.556	0.178	0.054	0.212
122076.1247261	0.484	0.156	0.086	0.274
122077.1246131	0.598	0.146	0.058	0.198
122078.1246162	0.604	0.064	0.1	0.232
122079.1246313	0.822	0.018	0.006	0.154
122096.1246993	0.86	0.018	0.008	0.114
122096.1247400	0.668	0.074	0.038	0.22
122097.1247067	0.454	0.11	0.072	0.364
122098.1246463	0.912	0.026	0.018	0.044
122098.1247178	0.552	0.106	0.056	0.286
122099.1246768	0.656	0.09	0.052	0.202
122099.1246903	0.884	0.03	0.02	0.066
122100.1246447	0.59	0.138	0.03	0.242
122100.1247161	0.592	0.06	0.026	0.322
122101.1246391	0.576	0.078	0.034	0.312
122113.1246427	0.638	0.098	0.034	0.23
122113.1246583	0.422	0.13	0.088	0.36
122115.1246871	0.636	0.084	0.046	0.234
122115.1247226	0.554	0.116	0.024	0.306
122116.1246222	0.922	0.01	0.012	0.056
122116.1246717	0.628	0.174	0.04	0.158
122117.1246729	0.822	0.024	0.018	0.136
122119.1247288	0.798	0.016	0.024	0.162
122163.1246523	0.598	0.072	0.046	0.284
122163.1246898	0.416	0.104	0.07	0.41
122164.1246355	0.524	0.112	0.046	0.318
122164.1246663	0.476	0.094	0.052	0.378
MGH100748.1246798	0.888	0.012	0.024	0.076
MGH100826.1246528	0.714	0.092	0.052	0.142
MGH101003.1247243	0.484	0.194	0.048	0.274
MGH101187.1247389	0.466	0.27	0.072	0.192
MGH101446.1246835	0.508	0.146	0.056	0.29
MGH101468.1246593	0.658	0.124	0.034	0.184
MGH101614.1246411	0.548	0.144	0.052	0.256
MGH101666.1246883	0.384	0.284	0.048	0.284
MGH101725.1247251	0.726	0.098	0.02	0.156
MGH102228.1246744	0.356	0.232	0.062	0.35
MGH102271.1246470	0.38	0.248	0.07	0.302
MGH102386.1246679	0.394	0.216	0.092	0.298
MGH102504.1247273	0.782	0.072	0.028	0.118
MGH102719.1247439	0.556	0.114	0.058	0.272
MGH102894.1247205	0.67	0.112	0.038	0.18
MGH102965.1246437	0.596	0.064	0.05	0.29
MGH103029.1246825	0.872	0.048	0.028	0.052
MGH103446.1246319	0.48	0.204	0.09	0.226
MGH103539.1246371	0.464	0.2	0.058	0.278
MGH103547.1247433	0.572	0.156	0.028	0.244
MGH103687.1246642	0.404	0.23	0.068	0.298
MGH103891.1247371	0.724	0.102	0.02	0.154
MGH104690.1247235	0.738	0.056	0.032	0.174
MGH104884.1246906	0.404	0.162	0.09	0.344
MGH105057.1246697	0.376	0.154	0.078	0.392
MGH105450.1246607	0.376	0.21	0.068	0.346
MGH105553.1246787	0.398	0.172	0.03	0.4
MGH105658.1247134	0.45	0.162	0.054	0.334
MGH105841.1247387	0.476	0.208	0.076	0.24
MGH106288.1247403	0.346	0.23	0.066	0.358
MGH109614.1246972	0.472	0.154	0.082	0.292
MGH109682.1247344	0.778	0.06	0.03	0.132
MGH109781.1247141	0.44	0.152	0.048	0.36
MGH110455.1247279	0.466	0.156	0.074	0.304
MGH111702.1246479	0.596	0.144	0.088	0.172
MGH112053.1246811	0.472	0.082	0.08	0.366
MGH112373.1246418	0.536	0.142	0.056	0.266
MGH113486.1246459	0.33	0.2	0.06	0.41
SKBTI.0963.1246653	0.486	0.272	0.088	0.154
SKBTI.0965.1247047	0.432	0.35	0.056	0.162
SKBTI.0967.1247125	0.604	0.156	0.078	0.162
SKBTI.0968.1247333	0.546	0.176	0.08	0.198
SKBTI.0970.1246745	0.204	0.558	0.08	0.158
SKBTI.0971.1246484	0.654	0.182	0.038	0.126
SKBTI.0972.1247111	0.536	0.252	0.046	0.166
SKBTI.0973.1246509	0.524	0.286	0.052	0.138
SKBTI.0974.1246790	0.34	0.292	0.04	0.328
SKBTI.0979.1247383	0.53	0.282	0.04	0.148
SKBTI.0981.1247206	0.282	0.422	0.07	0.226
SKBTI.0988.1247352	0.292	0.308	0.17	0.23
SKBTI.0989.1246840	0.24	0.314	0.076	0.37
SKBTI.0994.1246822	0.434	0.268	0.078	0.22
SKBTI.0995.1247413	0.592	0.172	0.056	0.18
SKBTI.0996.1246375	0.818	0.096	0.032	0.054
SKBTI.0999.1246492	0.586	0.228	0.052	0.134
SKBTI.1002.1246244	0.434	0.318	0.054	0.194
SKBTI.1003.1246619	0.458	0.214	0.064	0.264
SKBTI.1006.1246720	0.404	0.28	0.092	0.224
SKBTI.1012.1246610	0.696	0.18	0.04	0.084
SKBTI.1013.1246730	0.482	0.258	0.052	0.208
SKBTI.1014.1247306	0.47	0.274	0.066	0.19
SKBTI.1016.1246272	0.642	0.17	0.042	0.146
SKBTI.1017.1246799	0.658	0.14	0.038	0.164
SKBTI.1018.1246280	0.374	0.344	0.05	0.232
SKBTI.1023.1246119	0.722	0.174	0.05	0.054
SKBTI.1029.1246449	0.598	0.246	0.066	0.09
SKBTI.1035.1246669	0.626	0.206	0.058	0.11
SKBTI.1039.1246497	0.544	0.328	0.016	0.112
SKBTI.1041.1246755	0.42	0.212	0.04	0.328
SKBTI.1044.1247469	0.466	0.398	0.058	0.078
SKBTI.1045.1247193	0.522	0.31	0.07	0.098
SKBTI.1046.1246367	0.466	0.282	0.044	0.208
SKBTI.1047.1247373	0.346	0.4	0.074	0.18
SKBTI.1048.1246199	0.402	0.384	0.046	0.168
SKBTI.1051.1246225	0.484	0.208	0.108	0.2
SKBTI.1053.1246926	0.338	0.33	0.118	0.214
SKBTI.1054.1247185	0.406	0.246	0.106	0.242
SKBTI.1060.1246847	0.338	0.42	0.066	0.176
SKBTI.1061.1246417	0.63	0.206	0.042	0.122
SKBTI.1062.1246758	0.49	0.388	0.048	0.074
SKBTI.1063.1246477	0.612	0.218	0.058	0.112
SKBTI.1064.1247129	0.61	0.232	0.052	0.106
SKBTI.1065.1246587	0.708	0.192	0.038	0.062
SKBTI.1066.1246699	0.65	0.23	0.052	0.068
SKBTI.1067.1246307	0.472	0.338	0.072	0.118
SKBTI.1070.1246370	0.714	0.13	0.028	0.128
SKBTI.1073.1246935	0.552	0.26	0.046	0.142
SKBTI.1074.1246979	0.524	0.288	0.034	0.154
SKBTI.1079.1246482	0.442	0.362	0.068	0.128
SKBTI.1086.1246708	0.476	0.322	0.046	0.156
SKBTI.1092.1246638	0.73	0.166	0.034	0.07
SKBTI.1097.1246573	0.622	0.158	0.064	0.156
SKBTI.1098.1247042	0.516	0.29	0.05	0.144
SKBTI.1105.1246830	0.444	0.326	0.058	0.172
SKBTI.1106.1246873	0.466	0.296	0.06	0.178
SKBTI.1122.1247240	0.406	0.24	0.084	0.27
SKBTI.1125.1247091	0.33	0.278	0.076	0.316
SKBTI.1126.1246316	0.324	0.344	0.088	0.244
SKBTI.1152.1247201	0.31	0.318	0.084	0.288
SKBTI.1168.1247199	0.544	0.242	0.066	0.148
SKBTI.1172.1247248	0.346	0.346	0.076	0.232
SKBTI.1178.1246304	0.378	0.328	0.066	0.228
SKBTI.1182.1247072	0.414	0.292	0.05	0.244
SKBTI.1184.1247184	0.502	0.258	0.044	0.196
SKBTI.1185.1247366	0.464	0.296	0.03	0.21
SKBTI.1187.1246947	0.4	0.294	0.098	0.208
SKBTI.1189.1246772	0.468	0.304	0.058	0.17
SKBTI.1201.1246480	0.472	0.238	0.068	0.222
SKBTI.1205.1247372	0.558	0.196	0.044	0.202
SKBTI.1207.1246567	0.684	0.046	0.008	0.262
SKBTI.1221.1246578	0.576	0.208	0.09	0.126
SKBTI.1231.1246660	0.41	0.424	0.046	0.12
SKBTI.1232.1247225	0.584	0.14	0.068	0.208
SKBTI.1235.1246803	0.504	0.262	0.078	0.156
SKBTI.1237.1246429	0.522	0.232	0.034	0.212
SKBTI.1238.1247200	0.718	0.082	0.034	0.166
SKBTI.1239.1246712	0.662	0.154	0.032	0.152
SKBTI.1244.1247437	0.724	0.072	0.026	0.178
SKBTI.1245.1246863	0.548	0.22	0.066	0.166
SKBTI.1254.1246881	0.482	0.302	0.038	0.178
SKBTI.1265.1246692	0.378	0.376	0.082	0.164
SKBTI.1271.1247423	0.41	0.368	0.052	0.17
SKBTI.1276.1246123	0.6	0.248	0.076	0.076
SKBTI.1281.1246303	0.652	0.142	0.016	0.19
SKBTI.1294.1246815	0.41	0.328	0.082	0.18
SKBTI.1299.1247431	0.746	0.112	0.042	0.1
SKBTI.1307.1247068	0.432	0.328	0.056	0.184
SKBTI.1308.1246296	0.434	0.418	0.05	0.098
SKBTI.1326.1247062	0.612	0.218	0.048	0.122
SKBTI.1331.1246586	0.446	0.314	0.032	0.208
SKBTI.1338.1247013	0.596	0.238	0.044	0.122
SKBTI.1345.1246175	0.332	0.396	0.056	0.216
SKBTI.1346.1247074	0.668	0.106	0.034	0.192
SKBTI.1347.1246438	0.77	0.03	0.01	0.19
SKBTI.1349.1246563	0.462	0.33	0.048	0.16
SKBTI.1353.1247119	0.278	0.334	0.066	0.322
