#SampleID	Healthy	None	Tumor
32I9UAPQ.518112	0.296	0.122	0.582
32I9UNA9.518098	0.228	0.032	0.74
38U4VAHB.518100	0.534	0.014	0.452
38U4VNBW.518090	0.714	0.004	0.282
41E1KAMA.517991	0.302	0.082	0.616
41E1KNBP.517985	0.334	0.036	0.63
59S9WAIH.518013	0.34	0.012	0.648
59S9WNC6.518055	0.7	0.006	0.294
5EKFOAO4.518164	0.554	0.016	0.43
5EKFONB3.518125	0.79	0.002	0.208
5TA9VAT9.518088	0.306	0.064	0.63
5TA9VN6K.518161	0.746	0.016	0.238
6G2KBASQ.517999	0.428	0.02	0.552
6G2KBNS6.518045	0.736	0.008	0.256
82S3MAZ4.518145	0.39	0.028	0.582
82S3MNBY.518050	0.428	0.016	0.556
8XBKGABK.517998	0.192	0.01	0.798
8XBKGN9F.518085	0.186	0	0.814
A8A34AP9.518086	0.442	0.056	0.502
A8A34NCW.518023	0.494	0.032	0.474
BFJMKAKB.518159	0.592	0.04	0.368
BFJMKNMP.518102	0.372	0	0.628
C0095.N.518123	0.67	0.012	0.318
C0095.T.518141	0.21	0.024	0.766
C0112.N.518001	0.75	0.01	0.24
C0112.T.518024	0.216	0.002	0.782
C0133.N.518051	0.732	0.014	0.254
C0133.T.518133	0.258	0.026	0.716
C0134.N.518072	0.834	0.01	0.156
C0134.T.517988	0.116	0.072	0.812
C0149.N.518039	0.784	0.008	0.208
C0149.T.518132	0.442	0.018	0.54
C0154.N.518002	0.838	0.002	0.16
C0154.T.518091	0.186	0.022	0.792
C0159.N.518042	0.73	0.01	0.26
C0159.T.518087	0.292	0.04	0.668
C0186.N.518143	0.816	0.006	0.178
C0186.T.518019	0.486	0.012	0.502
C0195.N.518110	0.856	0.002	0.142
C0195.T.517986	0.166	0.022	0.812
C0198.N.518081	0.782	0.002	0.216
C0198.T.518166	0.32	0.012	0.668
C0206.N.518065	0.516	0.032	0.452
C0206.T.518053	0.24	0.006	0.754
C0209.N.517984	0.674	0.022	0.304
C0209.T.518128	0.326	0.012	0.662
C0211.N.518117	0.724	0.012	0.264
C0211.T.518096	0.398	0.032	0.57
C0212.N.518167	0.75	0.008	0.242
C0212.T.518155	0.264	0.006	0.73
C0225.N.518047	0.754	0.012	0.234
C0225.T.518033	0.21	0.062	0.728
C0230.N.517992	0.564	0.002	0.434
C0230.T.518144	0.256	0.016	0.728
C0235.N.517993	0.486	0.006	0.508
C0235.T.518049	0.196	0.028	0.776
C0240.N.518020	0.784	0	0.216
C0240.T.518052	0.484	0.026	0.49
C0241.N.518043	0.746	0.014	0.24
C0241.T.518067	0.208	0.054	0.738
C0245.N.518071	0.424	0.014	0.562
C0245.T.518151	0.184	0.056	0.76
C0252.N.518016	0.836	0.004	0.16
C0252.T.518006	0.172	0.042	0.786
C0256.N.518170	0.694	0.006	0.3
C0256.T.518080	0.292	0.046	0.662
C0258.N.518014	0.824	0.01	0.166
C0258.T.517997	0.478	0.022	0.5
C0268.N.518089	0.832	0.004	0.164
C0268.T.518114	0.186	0.012	0.802
C0269.N.518130	0.814	0.038	0.148
C0269.T.518150	0.252	0.088	0.66
C0270.N.518041	0.746	0.004	0.25
C0270.T.518163	0.374	0.014	0.612
C0271.N.518022	0.828	0.004	0.168
C0271.T.518078	0.39	0.052	0.558
C0275.N.518076	0.754	0.008	0.238
C0275.T.518032	0.19	0.048	0.762
C0282.N.518138	0.702	0.038	0.26
C0282.T.518000	0.258	0.006	0.736
C0285.N.518084	0.688	0.014	0.298
C0285.T.518044	0.3	0.022	0.678
C0294.N.517987	0.692	0.008	0.3
C0294.T.518134	0.262	0.046	0.692
C0306.N.518003	0.776	0.02	0.204
C0306.T.518122	0.222	0.014	0.764
C0308.N.518154	0.698	0.012	0.29
C0308.T.518162	0.344	0.032	0.624
C0311.N.518124	0.472	0.022	0.506
C0311.T.518131	0.316	0.034	0.65
C0314.T.518025	0.294	0.004	0.702
C0315.N.518021	0.704	0.01	0.286
C0315.T.518034	0.336	0.008	0.656
C0318.N.518105	0.696	0.034	0.27
C0318.T.518140	0.2	0.026	0.774
C0322.N.518165	0.708	0.008	0.284
C0322.T.518018	0.31	0.002	0.688
C0325.N.518109	0.808	0.006	0.186
C0325.T.518083	0.552	0.008	0.44
C0330.N.518148	0.448	0.004	0.548
C0330.T.518035	0.292	0.02	0.688
C0332.N.518027	0.748	0.006	0.246
C0332.T.518017	0.3	0.022	0.678
C0333.N.518126	0.726	0.012	0.262
C0333.T.518046	0.398	0.014	0.588
C0334.N.518066	0.68	0.002	0.318
C0334.T.518147	0.512	0.012	0.476
C0335.N.518107	0.814	0	0.186
C0335.T.518115	0.362	0.014	0.624
C0341.N.518101	0.882	0.006	0.112
C0341.T.518113	0.248	0.008	0.744
C0342.N.518068	0.794	0.01	0.196
C0342.T.518093	0.314	0.006	0.68
C0344.N.518103	0.756	0.016	0.228
C0344.T.518029	0.428	0.012	0.56
C0349.N.517989	0.858	0.004	0.138
C0349.T.518111	0.236	0.07	0.694
C0355.N.518077	0.746	0.016	0.238
C0355.T.518157	0.25	0.042	0.708
C0362.N.518069	0.722	0.01	0.268
C0362.T.518026	0.158	0.026	0.816
C0366.N.518094	0.798	0.008	0.194
C0366.T.518172	0.476	0.03	0.494
C0371.N.518009	0.728	0.026	0.246
C0371.T.518139	0.336	0.042	0.622
C0374.N.518099	0.846	0.006	0.148
C0374.T.518127	0.306	0.02	0.674
C0378.N.518158	0.802	0.004	0.194
C0378.T.518104	0.254	0.056	0.69
C0388.N.518136	0.732	0.008	0.26
C0388.T.518015	0.43	0.024	0.546
C0394.N.518031	0.826	0.004	0.17
C0394.T.518064	0.246	0.004	0.75
C0395.N.518054	0.724	0.002	0.274
C0395.T.518075	0.226	0.024	0.75
C0398.N.518152	0.714	0.012	0.274
C0398.T.518092	0.312	0.018	0.67
C0399.N.518011	0.768	0.004	0.228
C0399.T.518153	0.402	0.022	0.576
C1.S.518137	0.574	0.01	0.416
C1.T.518120	0.284	0.008	0.708
C10.S.517995	0.816	0.01	0.174
C10.T.518056	0.224	0.01	0.766
C3.S.517996	0.27	0.002	0.728
C3.T.517994	0.558	0.002	0.44
C4.S.518169	0.864	0.006	0.13
C4.T.518118	0.426	0.028	0.546
C6.S.518082	0.634	0.014	0.352
C6.T.518061	0.214	0.024	0.762
G2OD5ABL.518057	0.418	0.024	0.558
G2OD5N55.518146	0.738	0.004	0.258
G3UBQAJU.518060	0.194	0.042	0.764
G3UBQNDP.518121	0.644	0.014	0.342
GQ6LSABJ.518010	0.546	0.03	0.424
GQ6LSNI6.518106	0.78	0.012	0.208
HZIMMAM6.518095	0.412	0.076	0.512
HZIMMNL5.518062	0.756	0.004	0.24
I7ROLN9P.518079	0.67	0.006	0.324
JIDZEAPD.518149	0.474	0.012	0.514
JIDZEN4J.518073	0.74	0.008	0.252
KIXFRARY.518160	0.476	0.008	0.516
KIXFRNL2.518129	0.468	0.042	0.49
LRQ9WAHA.518036	0.422	0.014	0.564
LRQ9WN6C.518048	0.732	0.004	0.264
MQE9OAS7.518008	0.26	0.038	0.702
MQE9ONGV.518038	0.678	0	0.322
MQETMAZC.518171	0.36	0.006	0.634
MQETMNL4.518037	0.646	0.016	0.338
O436FAO8.518097	0.184	0.064	0.752
O436FNP3.518007	0.224	0.006	0.77
OTGGZAZO.518108	0.264	0.172	0.564
OTGGZN5Y.518063	0.704	0.034	0.262
QFHRSAG2.518005	0.432	0.016	0.552
QFHRSNIH.518116	0.664	0.002	0.334
R8J9ZAGC.518059	0.346	0.086	0.568
R8J9ZNOW.518040	0.542	0.016	0.442
TV28IANZ.518070	0.406	0.018	0.576
TV28INUO.518004	0.482	0.006	0.512
UEL2GAPI.518173	0.57	0.01	0.42
UEL2GN92.518058	0.774	0.006	0.22
UTWNWANU.518168	0.508	0.008	0.484
UTWNWN3P.518012	0.48	0.004	0.516
UZ65XAS5.518119	0.406	0.038	0.556
UZ65XN27.518028	0.776	0.012	0.212
XBS5MA8H.517990	0.59	0	0.41
XBS5MNEH.518074	0.262	0	0.738
XZ33PA3O.518135	0.41	0.012	0.578
XZ33PN7O.518030	0.532	0.018	0.45
YOTV6ASH.518142	0.28	0.008	0.712
YOTV6NC8.518156	0.578	0.028	0.394
