#SampleID	CD	control	IC	UC
100001.1247426	0.418	0.09	0.138	0.354
100003.1246884	0.5	0.09	0.064	0.346
100009.1247231	0.438	0.118	0.066	0.378
100015.1247049	0.37	0.134	0.088	0.408
100016.1247155	0.48	0.122	0.054	0.344
100043.1246460	0.544	0.066	0.054	0.336
100046.1246388	0.484	0.094	0.068	0.354
100047.1246185	0.44	0.05	0.086	0.424
100048.1246661	0.332	0.108	0.106	0.454
100049.1247075	0.454	0.164	0.068	0.314
100051.1247218	0.4	0.086	0.08	0.434
100052.1246453	0.462	0.094	0.108	0.336
100058.1247305	0.512	0.18	0.076	0.232
100060.1247170	0.382	0.174	0.11	0.334
100062.1246762	0.332	0.112	0.134	0.422
100065.1246135	0.382	0.116	0.082	0.42
100068.1246376	0.428	0.082	0.112	0.378
100070.1246721	0.444	0.132	0.17	0.254
100071.1247048	0.384	0.062	0.13	0.424
100072.1246982	0.382	0.062	0.112	0.444
100074.1247405	0.386	0.198	0.078	0.338
100075.1246833	0.488	0.138	0.044	0.33
100077.1246422	0.416	0.11	0.092	0.382
100078.1246603	0.41	0.088	0.044	0.458
100080.1246540	0.364	0.112	0.086	0.438
100083.1246311	0.342	0.08	0.122	0.456
100085.1246334	0.328	0.096	0.084	0.492
100086.1247268	0.384	0.108	0.112	0.396
100087.1246709	0.35	0.096	0.078	0.476
100088.1246120	0.386	0.27	0.056	0.288
100089.1247168	0.376	0.092	0.078	0.454
100090.1246912	0.436	0.066	0.104	0.394
100091.1247210	0.37	0.062	0.066	0.502
100092.1247222	0.4	0.06	0.094	0.446
100095.1246168	0.38	0.084	0.114	0.422
100096.1247401	0.4	0.08	0.084	0.436
100099.1247449	0.348	0.096	0.072	0.484
100100.1246674	0.798	0.066	0.044	0.092
100101.1247239	0.39	0.076	0.11	0.424
100102.1246796	0.438	0.102	0.114	0.346
100104.1247040	0.454	0.15	0.114	0.282
100105.1247327	0.45	0.112	0.08	0.358
100106.1246858	0.43	0.09	0.092	0.388
100107.1246180	0.37	0.078	0.074	0.478
100109.1247329	0.406	0.098	0.064	0.432
100115.1246245	0.74	0.078	0.054	0.128
100117.1247242	0.432	0.092	0.074	0.402
100128.1246258	0.438	0.076	0.096	0.39
100158.1246456	0.412	0.056	0.072	0.46
100160.1246616	0.508	0.094	0.13	0.268
100161.1246172	0.342	0.094	0.106	0.458
100162.1247353	0.514	0.088	0.074	0.324
100163.1246125	0.45	0.12	0.11	0.32
100176.1246432	0.542	0.058	0.092	0.308
100177.1246647	0.596	0.096	0.096	0.212
100178.1246691	0.32	0.114	0.086	0.48
100180.1246973	0.608	0.088	0.078	0.226
100181.1246841	0.382	0.208	0.082	0.328
100182.1247008	0.396	0.124	0.14	0.34
100183.1246704	0.316	0.096	0.128	0.46
100187.1246918	0.686	0.146	0.028	0.14
100188.1247093	0.41	0.112	0.094	0.384
100190.1246494	0.584	0.062	0.032	0.322
100191.1246961	0.332	0.158	0.078	0.432
100192.1247106	0.54	0.058	0.158	0.244
100195.1247038	0.404	0.13	0.05	0.416
100196.1246487	0.43	0.074	0.064	0.432
100197.1246801	0.398	0.104	0.088	0.41
100198.1246877	0.478	0.122	0.108	0.292
100200.1246541	0.416	0.134	0.116	0.334
100203.1246754	0.364	0.164	0.1	0.372
100204.1247092	0.594	0.128	0.076	0.202
100205.1246838	0.494	0.11	0.1	0.296
100206.1246938	0.42	0.15	0.082	0.348
100207.1247256	0.348	0.108	0.112	0.432
100209.1247393	0.38	0.15	0.088	0.382
100210.1247298	0.36	0.316	0.106	0.218
100211.1246832	0.53	0.078	0.066	0.326
100212.1247085	0.32	0.086	0.138	0.456
100214.1246953	0.392	0.066	0.166	0.376
100216.1246217	0.456	0.06	0.13	0.354
100217.1246514	0.538	0.108	0.062	0.292
100219.1247117	0.438	0.074	0.09	0.398
100220.1247083	0.416	0.114	0.082	0.388
100222.1247291	0.4	0.202	0.034	0.364
100225.1246548	0.472	0.15	0.086	0.292
100226.1246263	0.43	0.13	0.062	0.378
100227.1246626	0.466	0.08	0.074	0.38
100228.1246589	0.5	0.112	0.044	0.344
100233.1246246	0.46	0.284	0.056	0.2
100234.1246324	0.428	0.144	0.06	0.368
120153.1246821	0.34	0.084	0.058	0.518
120155.1246996	0.508	0.06	0.112	0.32
120156.1246895	0.4	0.184	0.094	0.322
120157.1246601	0.444	0.048	0.114	0.394
121154.1246277	0.416	0.098	0.066	0.42
121180.1246978	0.998	0.002	0	0
121181.1246741	0.546	0.062	0.084	0.308
121182.1246215	0.298	0.104	0.088	0.51
121183.1246254	0.476	0.096	0.102	0.326
121185.1247360	0.65	0.094	0.086	0.17
121186.1246365	0.424	0.152	0.088	0.336
121187.1246148	0.646	0.126	0.032	0.196
121188.1247234	0.466	0.104	0.108	0.322
121189.1247011	0.384	0.062	0.102	0.452
121190.1246356	0.424	0.112	0.056	0.408
121191.1246140	0.854	0.074	0.01	0.062
121192.1247127	0.47	0.31	0.05	0.17
121193.1247063	0.508	0.104	0.032	0.356
121194.1246890	0.494	0.072	0.102	0.332
121195.1246166	0.538	0.142	0.072	0.248
121196.1247031	0.574	0.068	0.066	0.292
121197.1247171	0.502	0.112	0.102	0.284
121198.1246569	0.522	0.12	0.066	0.292
121199.1246159	0.576	0.1	0.102	0.222
121200.1246461	0.552	0.1	0.12	0.228
121201.1247061	0.56	0.108	0.074	0.258
121212.1246767	0.632	0.062	0.068	0.238
121213.1246142	0.448	0.134	0.088	0.33
121214.1246862	0.994	0.002	0	0.004
121215.1247158	0.488	0.092	0.094	0.326
121216.1247056	0.408	0.096	0.102	0.394
121217.1246974	0.532	0.088	0.034	0.346
121218.1246965	0.552	0.056	0.076	0.316
121219.1247140	0.554	0.124	0.064	0.258
121279.1246886	0.344	0.088	0.06	0.508
121280.1246751	0.604	0.064	0.054	0.278
121281.1246713	0.748	0.06	0.05	0.142
121282.1246224	0.49	0.134	0.072	0.304
121283.1246600	0.512	0.144	0.032	0.312
121284.1246668	0.362	0.096	0.114	0.428
121285.1246733	0.656	0.08	0.05	0.214
121307.1246550	0.48	0.106	0.108	0.306
121308.1246337	0.52	0.194	0.104	0.182
121309.1246542	0.396	0.148	0.07	0.386
121310.1247096	0.5	0.086	0.092	0.322
121311.1246878	0.668	0.142	0.03	0.16
121312.1246929	0.668	0.11	0.03	0.192
121313.1246613	0.516	0.094	0.054	0.336
121314.1247259	0.758	0.106	0.02	0.116
121385.1246584	0.386	0.128	0.11	0.376
121386.1246649	0.466	0.176	0.058	0.3
121387.1247113	0.552	0.15	0.048	0.25
121388.1246171	0.69	0.076	0.008	0.226
121389.1246126	0.422	0.066	0.072	0.44
121390.1247365	0.742	0.184	0.026	0.048
121398.1247197	0.344	0.07	0.092	0.494
121400.1246372	0.358	0.114	0.074	0.454
121401.1247192	0.342	0.12	0.08	0.458
121402.1247186	0.558	0.112	0.066	0.264
121403.1247087	0.456	0.116	0.06	0.368
121404.1246695	0.616	0.172	0.036	0.176
121405.1246611	0.65	0.126	0.046	0.178
121420.1247325	0.784	0.078	0.05	0.088
121421.1246406	0.6	0.184	0.052	0.164
121422.1246561	0.586	0.136	0.036	0.242
121423.1246854	0.448	0.22	0.09	0.242
121444.1246866	0.534	0.164	0.102	0.2
121445.1247271	0.476	0.136	0.106	0.282
121446.1246612	0.502	0.068	0.076	0.354
121447.1246283	0.526	0.106	0.104	0.264
121448.1246595	0.514	0.112	0.064	0.31
121449.1246322	0.538	0.092	0.082	0.288
121450.1246156	0.504	0.13	0.06	0.306
121451.1246659	0.7	0.096	0.04	0.164
121452.1247003	0.6	0.172	0.032	0.196
121454.1246786	0.582	0.15	0.06	0.208
121455.1246836	0.362	0.098	0.114	0.426
121456.1246221	0.794	0.148	0.026	0.032
121457.1247318	0.35	0.168	0.066	0.416
121461.1247420	0.474	0.124	0.098	0.304
121463.1246219	0.512	0.088	0.044	0.356
121464.1246138	0.598	0.112	0.058	0.232
121465.1246414	0.59	0.156	0.036	0.218
121466.1247362	0.544	0.11	0.096	0.25
121467.1246327	0.65	0.082	0.07	0.198
121468.1247263	0.794	0.106	0.008	0.092
121469.1246137	0.5	0.078	0.098	0.324
121470.1246944	0.334	0.088	0.07	0.508
121471.1246191	0.626	0.082	0.062	0.23
121473.1247472	0.802	0.108	0.03	0.06
121474.1246486	0.69	0.164	0.032	0.114
121475.1246242	0.658	0.088	0.082	0.172
121476.1246989	0.59	0.16	0.078	0.172
121477.1246644	0.722	0.152	0.016	0.11
121478.1246295	0.552	0.102	0.054	0.292
121479.1247255	0.578	0.28	0.02	0.122
121480.1247162	0.628	0.234	0.026	0.112
121482.1247262	0.41	0.162	0.044	0.384
121488.1246443	0.512	0.104	0.104	0.28
121492.1246983	0.86	0.03	0.038	0.072
121493.1247335	0.664	0.142	0.062	0.132
121495.1246143	0.446	0.264	0.082	0.208
121496.1246759	0.658	0.158	0.052	0.132
121497.1246842	0.804	0.09	0.024	0.082
121498.1246290	0.396	0.126	0.078	0.4
121499.1247002	0.384	0.146	0.05	0.42
121500.1247250	0.648	0.218	0.022	0.112
121501.1246321	0.6	0.158	0.048	0.194
121502.1246527	0.69	0.134	0.024	0.152
121503.1247118	0.628	0.112	0.088	0.172
121952.1246340	0.532	0.244	0.044	0.18
121952.1246685	0.302	0.05	0.02	0.628
121953.1246966	0.478	0.142	0.058	0.322
121953.1247287	0.248	0.092	0.03	0.63
121954.1247208	0.196	0.062	0.01	0.732
121954.1247408	0.396	0.13	0.058	0.416
121959.1246402	0.178	0.066	0.016	0.74
121959.1247341	0.388	0.132	0.058	0.422
121968.1246353	0.364	0.098	0.014	0.524
121968.1247455	0.484	0.166	0.062	0.288
121969.1247036	0.45	0.326	0.038	0.186
121971.1246158	0.448	0.148	0.05	0.354
121976.1247220	0.44	0.252	0.124	0.184
121977.1246232	0.438	0.13	0.058	0.374
121978.1247445	0.398	0.22	0.048	0.334
121979.1246433	0.438	0.136	0.044	0.382
121980.1246352	0.39	0.098	0.05	0.462
121980.1247090	0.52	0.07	0.088	0.322
121981.1247080	0.78	0.104	0.03	0.086
121982.1246173	0.612	0.17	0.076	0.142
121983.1246348	0.374	0.136	0.044	0.446
122001.1246615	0.374	0.128	0.034	0.464
122004.1246297	0.668	0.104	0.056	0.172
122004.1246853	0.638	0.134	0.058	0.17
122006.1246809	0.438	0.072	0.046	0.444
122007.1247027	0.502	0.148	0.072	0.278
122009.1246667	0.614	0.174	0.038	0.174
122009.1246683	0.692	0.18	0.052	0.076
122010.1246652	0.476	0.212	0.048	0.264
122010.1247187	0.606	0.158	0.04	0.196
122011.1246363	0.456	0.182	0.032	0.33
122032.1246450	0.468	0.136	0.072	0.324
122033.1246288	0.742	0.178	0.028	0.052
122034.1246359	0.452	0.096	0.092	0.36
122034.1246771	0.498	0.134	0.02	0.348
122037.1247454	0.436	0.298	0.1	0.166
122038.1247249	0.43	0.124	0.062	0.384
122039.1246202	0.522	0.182	0.042	0.254
122039.1247121	0.464	0.14	0.032	0.364
122049.1246753	0.626	0.196	0.06	0.118
122050.1246161	0.572	0.138	0.056	0.234
122053.1246378	0.916	0.04	0.028	0.016
122053.1247029	0.33	0.19	0.068	0.412
122057.1246165	0.624	0.104	0.06	0.212
122057.1246885	0.448	0.134	0.05	0.368
122058.1246184	0.358	0.146	0.064	0.432
122059.1246857	0.354	0.226	0.064	0.356
122060.1246740	0.374	0.248	0.052	0.326
122061.1246318	0.468	0.142	0.072	0.318
122061.1247260	0.442	0.124	0.076	0.358
122062.1247307	0.37	0.178	0.276	0.176
122063.1246844	0.506	0.13	0.048	0.316
122072.1246419	0.586	0.134	0.048	0.232
122074.1246793	0.558	0.156	0.058	0.228
122075.1246458	0.582	0.138	0.044	0.236
122076.1247261	0.51	0.268	0.058	0.164
122077.1246131	0.638	0.214	0.036	0.112
122078.1246162	0.618	0.124	0.092	0.166
122079.1246313	0.754	0.074	0.07	0.102
122096.1246993	0.724	0.102	0.03	0.144
122096.1247400	0.574	0.178	0.05	0.198
122097.1247067	0.528	0.118	0.03	0.324
122098.1246463	0.776	0.088	0.058	0.078
122098.1247178	0.644	0.098	0.044	0.214
122099.1246768	0.642	0.122	0.032	0.204
122099.1246903	0.792	0.064	0.1	0.044
122100.1246447	0.612	0.19	0.05	0.148
122100.1247161	0.476	0.122	0.074	0.328
122101.1246391	0.552	0.16	0.06	0.228
122113.1246427	0.572	0.208	0.044	0.176
122113.1246583	0.44	0.164	0.042	0.354
122115.1246871	0.66	0.11	0.018	0.212
122115.1247226	0.542	0.15	0.038	0.27
122116.1246222	0.736	0.062	0.128	0.074
122116.1246717	0.554	0.236	0.034	0.176
122117.1246729	0.8	0.068	0.028	0.104
122117.1247175	0.874	0.04	0.024	0.062
122119.1247014	0.854	0.046	0.056	0.044
122119.1247288	0.742	0.072	0.048	0.138
122163.1246523	0.628	0.098	0.028	0.246
122163.1246898	0.404	0.15	0.054	0.392
122164.1246355	0.418	0.122	0.046	0.414
122164.1246663	0.404	0.082	0.086	0.428
MGH100525.1247317	0.566	0.216	0.056	0.162
MGH100601.1247089	0.498	0.242	0.034	0.226
MGH100601.1247258	1	0	0	0
MGH100695.1246812	1	0	0	0
MGH100695.1247456	0.338	0.528	0.016	0.118
MGH100748.1246798	0.784	0.062	0.024	0.13
MGH100826.1246528	0.678	0.136	0.028	0.158
MGH101003.1247243	0.328	0.254	0.054	0.364
MGH101123.1246369	0.988	0.004	0	0.008
MGH101187.1247389	0.268	0.362	0.072	0.298
MGH101249.1246536	0.76	0.1	0.012	0.128
MGH101446.1246835	0.398	0.13	0.072	0.4
MGH101468.1246593	0.632	0.142	0.032	0.194
MGH101614.1246411	0.5	0.186	0.046	0.268
MGH101666.1246883	0.388	0.288	0.064	0.26
MGH101725.1247251	0.646	0.164	0.036	0.154
MGH101748.1247032	0.346	0.29	0.052	0.312
MGH102203.1247017	0.702	0.116	0.03	0.152
MGH102228.1246744	0.298	0.36	0.058	0.284
MGH102261.1246301	0.614	0.234	0.028	0.124
MGH102271.1246470	0.354	0.418	0.044	0.184
MGH102278.1246387	0.356	0.292	0.068	0.284
MGH102386.1246679	0.318	0.226	0.074	0.382
MGH102504.1247273	0.652	0.11	0.026	0.212
MGH102719.1247439	0.396	0.232	0.086	0.286
MGH102894.1247205	0.582	0.158	0.034	0.226
MGH102965.1246437	0.588	0.136	0.022	0.254
MGH103029.1246825	0.758	0.124	0.034	0.084
MGH103446.1246319	0.344	0.258	0.062	0.336
MGH103539.1246371	0.316	0.36	0.068	0.256
MGH103547.1247433	0.508	0.23	0.052	0.21
MGH103687.1246642	0.366	0.276	0.088	0.27
MGH103891.1247371	0.664	0.174	0.032	0.13
MGH103912.1247006	0.672	0.192	0.046	0.09
MGH104031.1246987	0.442	0.26	0.042	0.256
MGH104316.1246666	0.478	0.344	0.028	0.15
MGH104316.1246807	0.998	0.002	0	0
MGH104413.1246703	0.788	0.126	0.02	0.066
MGH104421.1247120	0.7	0.19	0.018	0.092
MGH104519.1246177	0.562	0.204	0.04	0.194
MGH104623.1246457	0.364	0.322	0.046	0.268
MGH104671.1247313	0.91	0.004	0.008	0.078
MGH104671.1247429	0.416	0.284	0.04	0.26
MGH104690.1247235	0.576	0.19	0.04	0.194
MGH104884.1246906	0.334	0.324	0.05	0.292
MGH104945.1247409	0.576	0.224	0.036	0.164
MGH105057.1246697	0.334	0.262	0.038	0.366
MGH105126.1246485	0.288	0.32	0.038	0.354
MGH105192.1246837	0.76	0.094	0.018	0.128
MGH105239.1246905	0.89	0.11	0	0
MGH105450.1246607	0.29	0.306	0.036	0.368
MGH105553.1246787	0.338	0.262	0.054	0.346
MGH105658.1247134	0.304	0.114	0.116	0.466
MGH105841.1247387	0.35	0.198	0.082	0.37
MGH106034.1247069	0.322	0.35	0.038	0.29
MGH106271.1246160	0.998	0	0.002	0
MGH106271.1246415	0.776	0.092	0.038	0.094
MGH106288.1247403	0.324	0.368	0.052	0.256
MGH106399.1247406	0.33	0.422	0.05	0.198
MGH109614.1246972	0.42	0.248	0.056	0.276
MGH109682.1247344	0.526	0.264	0.038	0.172
MGH109781.1247141	0.362	0.192	0.07	0.376
MGH110455.1247279	0.394	0.182	0.08	0.344
MGH111702.1246479	0.494	0.3	0.044	0.162
MGH112053.1246811	0.466	0.198	0.068	0.268
MGH112373.1246418	0.452	0.178	0.052	0.318
MGH113486.1246459	0.4	0.18	0.052	0.368
MGH113527.1246397	0.428	0.278	0.066	0.228
MGH113669.1247108	0.47	0.266	0.034	0.23
MGH113669.1247130	0.926	0.068	0	0.006
MGH129951.1247358	0.934	0.03	0.01	0.026
SKBTI.0444.1246275	0.962	0.022	0.006	0.01
SKBTI.0448.1246164	0.966	0.002	0	0.032
SKBTI.0741.1246770	0.978	0.02	0	0.002
SKBTI.0742.1247322	0.886	0.042	0	0.072
SKBTI.0744.1247422	0.952	0.048	0	0
SKBTI.0746.1246641	1	0	0	0
SKBTI.0749.1246228	0.998	0	0.002	0
SKBTI.0750.1247414	0.92	0.074	0.002	0.004
SKBTI.0751.1246389	1	0	0	0
SKBTI.0752.1246808	0.986	0.01	0	0.004
SKBTI.0754.1246954	0.98	0.004	0	0.016
SKBTI.0755.1246781	0.998	0.002	0	0
SKBTI.0756.1246400	0.998	0	0	0.002
SKBTI.0756.1247104	0.992	0.008	0	0
SKBTI.0757.1246505	0.96	0.026	0	0.014
SKBTI.0758.1246673	0.994	0	0.002	0.004
SKBTI.0759.1247269	0.864	0	0.006	0.13
SKBTI.0761.1246264	0.846	0.024	0.008	0.122
SKBTI.0762.1247378	1	0	0	0
SKBTI.0763.1246872	0.98	0.018	0	0.002
SKBTI.0764.1246696	0.992	0.008	0	0
SKBTI.0765.1246651	1	0	0	0
SKBTI.0766.1246308	0.982	0.018	0	0
SKBTI.0767.1246623	0.998	0	0.002	0
SKBTI.0767.1246917	0.988	0.008	0	0.004
SKBTI.0768.1246711	0.884	0.116	0	0
SKBTI.0839.1246690	0.99	0.002	0.002	0.006
SKBTI.0865.1246401	0.994	0.006	0	0
SKBTI.0866.1247116	0.996	0.004	0	0
SKBTI.0867.1247189	0.944	0.052	0.002	0.002
SKBTI.0868.1246331	0.958	0	0.036	0.006
SKBTI.0869.1247257	0.906	0.006	0.064	0.024
SKBTI.0870.1246169	0.964	0.018	0	0.018
SKBTI.0871.1246124	0.974	0.014	0	0.012
SKBTI.0872.1247209	0.984	0.016	0	0
SKBTI.0876.1246377	0.934	0.05	0	0.016
SKBTI.0877.1246934	0.996	0.002	0	0.002
SKBTI.0878.1246465	0.964	0.01	0.012	0.014
SKBTI.0881.1246323	0.964	0.024	0.004	0.008
SKBTI.0882.1246581	1	0	0	0
SKBTI.0883.1246205	1	0	0	0
SKBTI.0884.1247441	0.984	0.016	0	0
SKBTI.0885.1246629	0.992	0.002	0	0.006
SKBTI.0886.1247252	0.992	0.008	0	0
SKBTI.0888.1247295	0.962	0.024	0	0.014
SKBTI.0889.1246530	0.942	0.032	0	0.026
SKBTI.0890.1246256	0.994	0.002	0.002	0.002
SKBTI.0891.1246968	0.962	0.028	0.002	0.008
SKBTI.0892.1246132	0.92	0.08	0	0
SKBTI.0893.1246194	0.974	0	0.024	0.002
SKBTI.0895.1246868	0.998	0.002	0	0
SKBTI.0908.1247330	0.82	0.012	0.142	0.026
SKBTI.0910.1246537	0.862	0.132	0.004	0.002
SKBTI.0911.1246361	0.988	0.012	0	0
SKBTI.0912.1247348	0.968	0.032	0	0
SKBTI.0913.1246936	1	0	0	0
SKBTI.0914.1246971	0.992	0.008	0	0
SKBTI.0915.1247359	0.964	0.034	0	0.002
SKBTI.0916.1247466	1	0	0	0
SKBTI.0917.1246240	0.942	0.058	0	0
SKBTI.0918.1246997	0.984	0.016	0	0
SKBTI.0919.1246366	1	0	0	0
SKBTI.0921.1247351	0.998	0	0	0.002
SKBTI.0922.1247339	0.996	0.004	0	0
SKBTI.0924.1246543	0.996	0.002	0	0.002
SKBTI.0925.1247367	0.986	0.01	0	0.004
SKBTI.0927.1247468	0.968	0.008	0.01	0.014
SKBTI.0928.1246940	0.984	0.014	0	0.002
SKBTI.0929.1246260	0.976	0.024	0	0
SKBTI.0930.1247051	0.994	0	0.002	0.004
SKBTI.0931.1247311	0.978	0.016	0	0.006
SKBTI.0932.1246975	0.984	0.012	0	0.004
SKBTI.0933.1246235	0.992	0.006	0	0.002
SKBTI.0934.1246826	0.944	0.026	0	0.03
SKBTI.0935.1246261	0.97	0.03	0	0
SKBTI.0936.1247276	0.844	0.09	0.002	0.064
SKBTI.0937.1247302	0.982	0.012	0.004	0.002
SKBTI.0939.1246784	0.998	0	0	0.002
SKBTI.0940.1246210	0.988	0.008	0	0.004
SKBTI.0942.1246434	0.976	0.016	0	0.008
SKBTI.0943.1246435	0.99	0.01	0	0
SKBTI.0944.1246472	0.976	0.024	0	0
SKBTI.0945.1246328	0.868	0.106	0.01	0.016
SKBTI.0947.1246381	0.98	0.018	0	0.002
SKBTI.0949.1246937	0.96	0.04	0	0
SKBTI.0951.1246127	1	0	0	0
SKBTI.0952.1247368	0.988	0.006	0	0.006
SKBTI.0953.1247267	0.966	0.006	0.01	0.018
SKBTI.0954.1246174	0.98	0	0	0.02
SKBTI.0956.1247154	0.874	0.074	0	0.052
SKBTI.0957.1246483	0.992	0.006	0	0.002
SKBTI.0958.1246251	0.988	0.01	0	0.002
SKBTI.0961.1246630	0.74	0.156	0.01	0.094
SKBTI.0963.1246653	0.476	0.254	0.072	0.198
SKBTI.0965.1247047	0.336	0.49	0.034	0.14
SKBTI.0966.1246408	0.724	0.19	0.014	0.072
SKBTI.0967.1247125	0.364	0.288	0.052	0.296
SKBTI.0968.1247333	0.398	0.328	0.036	0.238
SKBTI.0970.1246745	0.19	0.666	0.038	0.106
SKBTI.0971.1246484	0.522	0.358	0.026	0.094
SKBTI.0972.1247111	0.304	0.6	0.026	0.07
SKBTI.0973.1246509	0.356	0.426	0.044	0.174
SKBTI.0974.1246790	0.212	0.434	0.026	0.328
SKBTI.0976.1246407	0.544	0.326	0.058	0.072
SKBTI.0977.1247053	0.92	0.052	0.008	0.02
SKBTI.0979.1247383	0.326	0.532	0.034	0.108
SKBTI.0980.1246677	0.572	0.324	0.01	0.094
SKBTI.0981.1247206	0.312	0.486	0.044	0.158
SKBTI.0982.1247037	0.434	0.358	0.072	0.136
SKBTI.0983.1247361	0.418	0.464	0.026	0.092
SKBTI.0984.1246902	0.422	0.402	0.038	0.138
SKBTI.0985.1247086	0.288	0.502	0.038	0.172
SKBTI.0987.1246620	0.564	0.344	0.004	0.088
SKBTI.0988.1247352	0.24	0.402	0.116	0.242
SKBTI.0989.1246840	0.3	0.358	0.05	0.292
SKBTI.0991.1247254	0.512	0.442	0.012	0.034
SKBTI.0992.1246474	0.688	0.068	0.014	0.23
SKBTI.0994.1246822	0.478	0.324	0.052	0.146
SKBTI.0995.1247413	0.48	0.332	0.05	0.138
SKBTI.0996.1246375	0.692	0.198	0.016	0.094
SKBTI.0997.1246861	0.512	0.37	0.024	0.094
SKBTI.0998.1247434	0.434	0.4	0.03	0.136
SKBTI.0999.1246492	0.464	0.362	0.034	0.14
SKBTI.1000.1246231	0.626	0.262	0.034	0.078
SKBTI.1002.1246244	0.232	0.622	0.036	0.11
SKBTI.1003.1246619	0.346	0.404	0.058	0.192
SKBTI.1004.1247345	0.472	0.424	0.016	0.088
SKBTI.1006.1246720	0.272	0.484	0.082	0.162
SKBTI.1007.1246208	0.648	0.212	0.05	0.09
SKBTI.1008.1246146	0.512	0.34	0.054	0.094
SKBTI.1009.1246428	0.482	0.402	0.024	0.092
SKBTI.1010.1246481	0.712	0.206	0.008	0.074
SKBTI.1011.1247377	0.636	0.228	0.022	0.114
SKBTI.1012.1246610	0.632	0.242	0.02	0.106
SKBTI.1013.1246730	0.392	0.418	0.04	0.15
SKBTI.1014.1247306	0.448	0.372	0.034	0.146
SKBTI.1015.1246193	0.358	0.546	0.014	0.082
SKBTI.1016.1246272	0.424	0.388	0.04	0.148
SKBTI.1017.1246799	0.484	0.318	0.024	0.174
SKBTI.1018.1246280	0.192	0.528	0.054	0.226
SKBTI.1020.1246239	0.902	0.04	0.016	0.042
SKBTI.1021.1246789	0.512	0.356	0.034	0.098
SKBTI.1022.1246350	0.358	0.49	0.062	0.09
SKBTI.1023.1246119	0.614	0.288	0.034	0.064
SKBTI.1024.1246425	0.578	0.238	0.03	0.154
SKBTI.1025.1247303	0.62	0.264	0.016	0.1
SKBTI.1026.1246716	0.636	0.322	0.018	0.024
SKBTI.1028.1246874	0.646	0.252	0.024	0.078
SKBTI.1029.1246449	0.466	0.356	0.056	0.122
SKBTI.1030.1246748	0.888	0.068	0.006	0.038
SKBTI.1031.1247110	0.32	0.508	0.046	0.126
SKBTI.1032.1247227	0.622	0.264	0.052	0.062
SKBTI.1033.1246475	0.576	0.272	0.028	0.124
SKBTI.1034.1246338	0.678	0.234	0.022	0.066
SKBTI.1035.1246669	0.558	0.29	0.032	0.12
SKBTI.1036.1247004	0.326	0.564	0.012	0.098
SKBTI.1038.1246448	0.68	0.244	0.014	0.062
SKBTI.1039.1246497	0.426	0.466	0.02	0.088
SKBTI.1041.1246755	0.43	0.196	0.062	0.312
SKBTI.1042.1246604	0.542	0.344	0.028	0.086
SKBTI.1043.1246489	0.732	0.196	0.038	0.034
SKBTI.1044.1247469	0.466	0.418	0.034	0.082
SKBTI.1045.1247193	0.452	0.422	0.02	0.106
SKBTI.1046.1246367	0.322	0.494	0.034	0.15
SKBTI.1047.1247373	0.262	0.638	0.026	0.074
SKBTI.1048.1246199	0.408	0.448	0.042	0.102
SKBTI.1049.1246565	0.816	0.164	0.008	0.012
SKBTI.1050.1246293	0.58	0.354	0.018	0.048
SKBTI.1051.1246225	0.446	0.36	0.048	0.146
SKBTI.1052.1246226	0.474	0.406	0.022	0.098
SKBTI.1053.1246926	0.366	0.316	0.1	0.218
SKBTI.1054.1247185	0.378	0.386	0.084	0.152
SKBTI.1055.1247319	0.746	0.194	0.02	0.04
SKBTI.1056.1246237	0.594	0.23	0.014	0.162
SKBTI.1057.1247436	0.376	0.504	0.022	0.098
SKBTI.1058.1246865	0.372	0.5	0.028	0.1
SKBTI.1060.1246847	0.37	0.496	0.02	0.114
SKBTI.1061.1246417	0.59	0.256	0.042	0.112
SKBTI.1062.1246758	0.56	0.288	0.06	0.092
SKBTI.1063.1246477	0.534	0.344	0.02	0.102
SKBTI.1064.1247129	0.598	0.316	0.012	0.074
SKBTI.1065.1246587	0.58	0.294	0.038	0.088
SKBTI.1066.1246699	0.562	0.326	0.03	0.082
SKBTI.1067.1246307	0.44	0.37	0.06	0.13
SKBTI.1068.1246950	0.418	0.39	0.034	0.158
SKBTI.1069.1246203	0.406	0.46	0.04	0.094
SKBTI.1070.1246370	0.35	0.474	0.016	0.16
SKBTI.1072.1247135	0.796	0.134	0.01	0.06
SKBTI.1073.1246935	0.36	0.538	0.02	0.082
SKBTI.1074.1246979	0.442	0.444	0.024	0.09
SKBTI.1075.1246420	0.618	0.29	0.022	0.07
SKBTI.1076.1246152	0.734	0.146	0.02	0.1
SKBTI.1077.1247114	0.378	0.424	0.022	0.176
SKBTI.1078.1246823	0.364	0.49	0.016	0.13
SKBTI.1079.1246482	0.342	0.492	0.044	0.122
SKBTI.1081.1246410	0.418	0.45	0.056	0.076
SKBTI.1084.1247144	0.354	0.558	0.016	0.072
SKBTI.1085.1247412	0.416	0.372	0.05	0.162
SKBTI.1086.1246708	0.27	0.536	0.058	0.136
SKBTI.1087.1247320	0.472	0.352	0.024	0.152
SKBTI.1088.1246462	0.242	0.6	0.02	0.138
SKBTI.1089.1246274	0.306	0.582	0.022	0.09
SKBTI.1090.1246539	0.4	0.44	0.032	0.128
SKBTI.1091.1247164	0.72	0.166	0	0.114
SKBTI.1092.1246638	0.48	0.388	0.024	0.108
SKBTI.1097.1246573	0.546	0.32	0.03	0.104
SKBTI.1098.1247042	0.352	0.458	0.056	0.134
SKBTI.1099.1247163	0.732	0.176	0.022	0.07
SKBTI.1100.1246300	0.488	0.45	0.008	0.054
SKBTI.1103.1247081	0.512	0.38	0.016	0.092
SKBTI.1104.1246588	0.318	0.564	0.028	0.09
SKBTI.1105.1246830	0.272	0.546	0.072	0.11
SKBTI.1106.1246873	0.324	0.526	0.046	0.104
SKBTI.1108.1246648	0.424	0.502	0.024	0.05
SKBTI.1109.1247174	0.34	0.506	0.046	0.108
SKBTI.1111.1246524	0.888	0.068	0	0.044
SKBTI.1112.1247280	0.652	0.304	0.006	0.038
SKBTI.1113.1246880	0.892	0.07	0.022	0.016
SKBTI.1114.1246342	0.674	0.182	0.018	0.126
SKBTI.1115.1247450	0.482	0.458	0.01	0.05
SKBTI.1116.1247309	0.376	0.456	0.04	0.128
SKBTI.1117.1247057	0.626	0.254	0.008	0.112
SKBTI.1118.1247169	0.66	0.248	0.018	0.074
SKBTI.1120.1246645	0.552	0.348	0.032	0.068
SKBTI.1121.1246265	0.606	0.298	0.034	0.062
SKBTI.1122.1247240	0.274	0.326	0.066	0.334
SKBTI.1123.1247207	0.26	0.564	0.012	0.164
SKBTI.1124.1246490	0.624	0.25	0.008	0.118
SKBTI.1125.1247091	0.2	0.612	0.026	0.162
SKBTI.1126.1246316	0.276	0.394	0.07	0.26
SKBTI.1127.1246735	0.448	0.374	0.04	0.138
SKBTI.1128.1246963	0.216	0.564	0.046	0.174
SKBTI.1129.1246576	0.524	0.396	0.018	0.062
SKBTI.1134.1246714	0.838	0.09	0.002	0.07
SKBTI.1136.1246957	0.34	0.49	0.018	0.152
SKBTI.1138.1247238	0.678	0.222	0.012	0.088
SKBTI.1141.1246341	0.284	0.582	0.018	0.116
SKBTI.1144.1246149	0.812	0.09	0.008	0.09
SKBTI.1145.1246684	0.326	0.534	0.022	0.118
SKBTI.1146.1246654	0.686	0.066	0.006	0.242
SKBTI.1148.1246752	0.462	0.414	0.02	0.104
SKBTI.1152.1247201	0.204	0.566	0.034	0.196
SKBTI.1153.1247397	0.526	0.392	0.022	0.06
SKBTI.1155.1246722	0.55	0.312	0.048	0.09
SKBTI.1160.1246345	0.666	0.264	0.01	0.06
SKBTI.1162.1246549	0.426	0.492	0.022	0.06
SKBTI.1166.1247021	0.494	0.43	0.016	0.06
SKBTI.1168.1247199	0.56	0.318	0.022	0.1
SKBTI.1170.1246122	0.418	0.498	0.02	0.064
SKBTI.1171.1246681	0.83	0.09	0.044	0.036
SKBTI.1172.1247248	0.288	0.506	0.042	0.164
SKBTI.1173.1247321	0.854	0.076	0.04	0.03
SKBTI.1175.1246501	0.882	0.08	0.022	0.016
SKBTI.1176.1247064	0.544	0.306	0.034	0.116
SKBTI.1177.1246155	0.608	0.256	0.03	0.106
SKBTI.1178.1246304	0.212	0.566	0.032	0.19
SKBTI.1180.1246130	0.538	0.358	0.026	0.078
SKBTI.1182.1247072	0.324	0.466	0.048	0.162
SKBTI.1183.1246467	0.548	0.334	0.034	0.084
SKBTI.1184.1247184	0.39	0.33	0.074	0.206
SKBTI.1185.1247366	0.422	0.414	0.03	0.134
SKBTI.1186.1247395	0.558	0.35	0.018	0.074
SKBTI.1187.1246947	0.234	0.532	0.056	0.178
SKBTI.1188.1246977	0.47	0.418	0.03	0.082
SKBTI.1189.1246772	0.372	0.482	0.046	0.1
SKBTI.1194.1246932	0.28	0.534	0.022	0.164
SKBTI.1195.1247299	0.704	0.21	0.02	0.066
SKBTI.1197.1247292	0.34	0.548	0.024	0.088
SKBTI.1201.1246480	0.38	0.412	0.076	0.132
SKBTI.1202.1246546	0.716	0.196	0.02	0.068
SKBTI.1204.1246618	0.428	0.394	0.022	0.156
SKBTI.1205.1247372	0.442	0.394	0.032	0.132
SKBTI.1207.1246567	0.5	0.29	0.01	0.2
SKBTI.1208.1247059	0.688	0.266	0.008	0.038
SKBTI.1210.1246931	0.474	0.418	0.014	0.094
SKBTI.1213.1247264	0.94	0.028	0.01	0.022
SKBTI.1214.1246879	0.822	0.09	0.014	0.074
SKBTI.1221.1246578	0.508	0.25	0.032	0.21
SKBTI.1222.1247133	0.58	0.286	0.044	0.09
SKBTI.1224.1246466	0.672	0.168	0.034	0.126
SKBTI.1225.1246395	0.574	0.248	0.026	0.152
SKBTI.1230.1246913	0.798	0.176	0.002	0.024
SKBTI.1231.1246660	0.332	0.552	0.04	0.076
SKBTI.1232.1247225	0.432	0.312	0.036	0.22
SKBTI.1235.1246803	0.442	0.414	0.022	0.122
SKBTI.1236.1246678	0.466	0.366	0.03	0.138
SKBTI.1237.1246429	0.334	0.466	0.066	0.134
SKBTI.1238.1247200	0.588	0.26	0.016	0.136
SKBTI.1239.1246712	0.492	0.38	0.028	0.1
SKBTI.1241.1247284	0.296	0.524	0.068	0.112
SKBTI.1242.1246188	0.392	0.42	0.044	0.144
SKBTI.1244.1247437	0.476	0.174	0.126	0.224
SKBTI.1245.1246863	0.38	0.41	0.04	0.17
SKBTI.1246.1247160	0.39	0.434	0.024	0.152
SKBTI.1249.1246317	0.714	0.158	0.014	0.114
SKBTI.1251.1247304	0.334	0.49	0.038	0.138
SKBTI.1254.1246881	0.366	0.444	0.028	0.162
SKBTI.1255.1246440	0.336	0.524	0.03	0.11
SKBTI.1256.1246243	0.666	0.232	0.014	0.088
SKBTI.1257.1247275	0.504	0.416	0.008	0.072
SKBTI.1258.1246723	0.554	0.362	0.022	0.062
SKBTI.1259.1247265	0.66	0.282	0.018	0.04
SKBTI.1260.1246828	0.364	0.486	0.04	0.11
SKBTI.1261.1246687	0.658	0.23	0.026	0.086
SKBTI.1262.1247411	0.9	0.06	0.03	0.01
SKBTI.1263.1246506	0.422	0.386	0.036	0.156
SKBTI.1264.1247153	0.558	0.368	0.014	0.06
SKBTI.1265.1246692	0.31	0.48	0.072	0.138
SKBTI.1266.1246943	0.348	0.494	0.024	0.134
SKBTI.1268.1246698	0.57	0.298	0.006	0.126
SKBTI.1269.1247030	0.282	0.526	0.044	0.148
SKBTI.1270.1246946	0.454	0.338	0.07	0.138
SKBTI.1271.1247423	0.33	0.47	0.044	0.156
SKBTI.1272.1246551	0.478	0.346	0.034	0.142
SKBTI.1273.1247465	0.308	0.568	0.022	0.102
SKBTI.1276.1246123	0.528	0.334	0.026	0.112
SKBTI.1279.1246495	0.612	0.27	0.038	0.08
SKBTI.1280.1246994	0.616	0.306	0.022	0.056
SKBTI.1281.1246303	0.462	0.256	0.016	0.266
SKBTI.1282.1246682	0.938	0.032	0	0.03
SKBTI.1283.1247418	0.46	0.39	0.028	0.122
SKBTI.1284.1247147	0.642	0.276	0.01	0.072
SKBTI.1285.1246958	0.776	0.198	0.004	0.022
SKBTI.1287.1246942	0.566	0.246	0.014	0.174
SKBTI.1289.1247274	0.366	0.412	0.046	0.176
SKBTI.1292.1246547	0.562	0.242	0.008	0.188
SKBTI.1294.1246815	0.356	0.388	0.06	0.196
SKBTI.1296.1247105	0.816	0.122	0.008	0.054
SKBTI.1299.1247431	0.518	0.276	0.062	0.144
SKBTI.1301.1247194	0.286	0.582	0.042	0.09
SKBTI.1302.1246218	0.798	0.138	0.012	0.052
SKBTI.1303.1246234	0.484	0.36	0.03	0.126
SKBTI.1305.1246664	0.31	0.56	0.024	0.106
SKBTI.1306.1247356	0.814	0.13	0.02	0.036
SKBTI.1307.1247068	0.344	0.362	0.08	0.214
SKBTI.1308.1246296	0.466	0.376	0.042	0.116
SKBTI.1309.1246491	0.662	0.182	0.034	0.122
SKBTI.1310.1247461	0.698	0.158	0.028	0.116
SKBTI.1313.1246920	0.732	0.22	0.006	0.042
SKBTI.1314.1246910	0.416	0.432	0.042	0.11
SKBTI.1317.1247132	0.564	0.308	0.016	0.112
SKBTI.1318.1247045	0.524	0.398	0.036	0.042
SKBTI.1320.1246552	0.598	0.2	0.016	0.186
SKBTI.1323.1246671	0.624	0.312	0.02	0.044
SKBTI.1324.1246819	0.776	0.156	0.03	0.038
SKBTI.1326.1247062	0.57	0.324	0.02	0.086
SKBTI.1327.1246128	0.276	0.594	0.034	0.096
SKBTI.1331.1246586	0.336	0.484	0.042	0.138
SKBTI.1333.1246382	0.858	0.084	0.012	0.046
SKBTI.1335.1246899	0.302	0.562	0.022	0.114
SKBTI.1336.1246442	0.54	0.192	0.012	0.256
SKBTI.1337.1246469	0.61	0.21	0.01	0.17
SKBTI.1338.1247013	0.588	0.296	0.032	0.084
SKBTI.1340.1247165	0.664	0.134	0.042	0.16
SKBTI.1342.1246211	0.278	0.576	0.03	0.116
SKBTI.1344.1246299	0.492	0.378	0.036	0.094
SKBTI.1345.1246175	0.394	0.402	0.04	0.164
SKBTI.1346.1247074	0.474	0.292	0.024	0.21
SKBTI.1347.1246438	0.574	0.242	0.02	0.164
SKBTI.1348.1247427	0.65	0.216	0.004	0.13
SKBTI.1349.1246563	0.428	0.392	0.036	0.144
SKBTI.1351.1246314	0.502	0.402	0.03	0.066
SKBTI.1353.1247119	0.29	0.5	0.046	0.164
